scan_id,mouse_id,timepoint,geometry_correction_status,dice,iou,precision,recall,false_positives,false_negatives,hd95,brain_volume_voxels,brain_volume_mm3,expert_brain_volume_mm3,predicted_brain_volume_mm3,volume_error_percentage,inference_seconds,slice_count,spacing_x,spacing_y,spacing_z,mean_spacing,image_path,ground_truth_path,prediction_path
POLYIC_20190510_mouse30__E2_P1,mouse-30,20190510,original_geometry_valid,0.8976460651829608,0.8142993251437635,0.8284343422243411,0.979476649796631,21240,2149,0.8000003099441528,104710,418.84017475367085,418.84017475367085,495.2042066152154,18.23226052908032,11.713538290999999,35,0.10000000149011612,0.10000000149011612,0.4000001549720764,0.20000005265076956,/Users/estebanfelixmoran/Desktop/Purdue/Medical_Imaging/Datasets/Image_Database/src_adult/POLYIC_20190510_mouse30__E2_P1.nii.gz,/Users/estebanfelixmoran/Desktop/Purdue/Medical_Imaging/Datasets/Mask_Database/label_adult/POLYIC_20190510_mouse30__E2_P1.nii.gz,/Users/estebanfelixmoran/Desktop/Purdue/Medical_Imaging/3D-Medical-Segment-Anything/outputs/mouse_external_evaluation/native_predictions/POLYIC_20190510_mouse30__E2_P1_prediction.nii.gz
POLYIC_20190510_mouse31__E2_P1,mouse-31,20190510,original_geometry_valid,0.9078157652801214,0.8311928852553083,0.8430457767100825,0.9833663832537992,20219,1837,0.6480741162866294,110439,441.75608557480797,441.75608557480797,515.2840998182919,16.644482474488186,9.855348499999998,35,0.10000000149011612,0.10000000149011612,0.40000006556510925,0.20000002284844717,/Users/estebanfelixmoran/Desktop/Purdue/Medical_Imaging/Datasets/Image_Database/src_adult/POLYIC_20190510_mouse31__E2_P1.nii.gz,/Users/estebanfelixmoran/Desktop/Purdue/Medical_Imaging/Datasets/Mask_Database/label_adult/POLYIC_20190510_mouse31__E2_P1.nii.gz,/Users/estebanfelixmoran/Desktop/Purdue/Medical_Imaging/3D-Medical-Segment-Anything/outputs/mouse_external_evaluation/native_predictions/POLYIC_20190510_mouse31__E2_P1_prediction.nii.gz
POLYIC_20190510_mouse32__E2_P1,mouse-32,20190510,original_geometry_valid,0.8699253502454268,0.7697945887410264,0.7805743970679795,0.9823761936502442,31088,1984,4.300000064074993,112575,450.29955043046294,450.29955043046294,566.7154342033094,25.852986897623804,9.725375666000001,35,0.10000000149011612,0.10000000149011612,0.39999958872795105,0.19999986390272775,/Users/estebanfelixmoran/Desktop/Purdue/Medical_Imaging/Datasets/Image_Database/src_adult/POLYIC_20190510_mouse32__E2_P1.nii.gz,/Users/estebanfelixmoran/Desktop/Purdue/Medical_Imaging/Datasets/Mask_Database/label_adult/POLYIC_20190510_mouse32__E2_P1.nii.gz,/Users/estebanfelixmoran/Desktop/Purdue/Medical_Imaging/3D-Medical-Segment-Anything/outputs/mouse_external_evaluation/native_predictions/POLYIC_20190510_mouse32__E2_P1_prediction.nii.gz
POLYIC_20190510_mouse34__E2_P1,mouse-34,20190510,original_geometry_valid,0.9121619531975699,0.8385089636144791,0.8502499814799356,0.9837984141521997,18181,1700,0.7999998331069946,104928,419.71192494964345,419.71192494964345,485.63591316151326,15.706960963708452,9.622791541999995,35,0.10000000149011612,0.10000000149011612,0.3999999165534973,0.19999997317790985,/Users/estebanfelixmoran/Desktop/Purdue/Medical_Imaging/Datasets/Image_Database/src_adult/POLYIC_20190510_mouse34__E2_P1.nii.gz,/Users/estebanfelixmoran/Desktop/Purdue/Medical_Imaging/Datasets/Mask_Database/label_adult/POLYIC_20190510_mouse34__E2_P1.nii.gz,/Users/estebanfelixmoran/Desktop/Purdue/Medical_Imaging/3D-Medical-Segment-Anything/outputs/mouse_external_evaluation/native_predictions/POLYIC_20190510_mouse34__E2_P1_prediction.nii.gz
POLYIC_20190510_mouse35__E3_P1,mouse-35,20190510,original_geometry_valid,0.9125170443795624,0.8391092841228853,0.8537573981337147,0.9799627429373801,18112,2162,0.721110265838178,107899,431.59608360666255,431.59608360666255,495.396095965686,14.782342746457347,9.796966749999996,35,0.10000000149011612,0.10000000149011612,0.40000006556510925,0.20000002284844717,/Users/estebanfelixmoran/Desktop/Purdue/Medical_Imaging/Datasets/Image_Database/src_adult/POLYIC_20190510_mouse35__E3_P1.nii.gz,/Users/estebanfelixmoran/Desktop/Purdue/Medical_Imaging/Datasets/Mask_Database/label_adult/POLYIC_20190510_mouse35__E3_P1.nii.gz,/Users/estebanfelixmoran/Desktop/Purdue/Medical_Imaging/3D-Medical-Segment-Anything/outputs/mouse_external_evaluation/native_predictions/POLYIC_20190510_mouse35__E3_P1_prediction.nii.gz
POLYIC_20190510_mouse37__E2_P1,mouse-37,20190510,original_geometry_valid,0.8619864074536017,0.7574482529102977,0.7713342855242294,0.9767843279779996,35062,2811,4.8010406518730795,121082,484.3277329691566,484.3277329691566,613.3316618437067,26.635668390016686,9.758482125,35,0.10000000149011612,0.10000000149011612,0.3999997675418854,0.19999992350737253,/Users/estebanfelixmoran/Desktop/Purdue/Medical_Imaging/Datasets/Image_Database/src_adult/POLYIC_20190510_mouse37__E2_P1.nii.gz,/Users/estebanfelixmoran/Desktop/Purdue/Medical_Imaging/Datasets/Mask_Database/label_adult/POLYIC_20190510_mouse37__E2_P1.nii.gz,/Users/estebanfelixmoran/Desktop/Purdue/Medical_Imaging/3D-Medical-Segment-Anything/outputs/mouse_external_evaluation/native_predictions/POLYIC_20190510_mouse37__E2_P1_prediction.nii.gz
POLYIC_20190510_mouse38__E2_P1,mouse-38,20190510,original_geometry_valid,0.898330972816386,0.8154272750321995,0.8275020282396816,0.9824199090640363,23601,2026,4.253234115794307,115244,460.9759862618439,460.9759862618439,547.2759836899033,18.721148172572974,9.76237175,35,0.10000000149011612,0.10000000149011612,0.3999999761581421,0.19999999304612479,/Users/estebanfelixmoran/Desktop/Purdue/Medical_Imaging/Datasets/Image_Database/src_adult/POLYIC_20190510_mouse38__E2_P1.nii.gz,/Users/estebanfelixmoran/Desktop/Purdue/Medical_Imaging/Datasets/Mask_Database/label_adult/POLYIC_20190510_mouse38__E2_P1.nii.gz,/Users/estebanfelixmoran/Desktop/Purdue/Medical_Imaging/3D-Medical-Segment-Anything/outputs/mouse_external_evaluation/native_predictions/POLYIC_20190510_mouse38__E2_P1_prediction.nii.gz
POLYIC_20190510_mouse39__E4_P1,mouse-39,20190510,original_geometry_valid,0.8431501398285928,0.7288328147557241,0.7400047421168989,0.9797062840967764,40572,2392,4.916299491176624,117869,471.47588056581833,471.47588056581833,624.1958418788263,32.39189269443194,9.885062458000007,35,0.10000000149011612,0.10000000149011612,0.3999998867511749,0.1999999632438024,/Users/estebanfelixmoran/Desktop/Purdue/Medical_Imaging/Datasets/Image_Database/src_adult/POLYIC_20190510_mouse39__E4_P1.nii.gz,/Users/estebanfelixmoran/Desktop/Purdue/Medical_Imaging/Datasets/Mask_Database/label_adult/POLYIC_20190510_mouse39__E4_P1.nii.gz,/Users/estebanfelixmoran/Desktop/Purdue/Medical_Imaging/3D-Medical-Segment-Anything/outputs/mouse_external_evaluation/native_predictions/POLYIC_20190510_mouse39__E4_P1_prediction.nii.gz
POLYIC_20190510_mouse40__E2_P1,mouse-40,20190510,original_geometry_valid,0.8944586256147585,0.8090684314006933,0.8215854964500547,0.9815174239098794,24160,2095,4.080441213423945,113350,453.40002026855973,453.40002026855973,541.6600242140893,19.466254962505523,9.60015162500001,35,0.10000000149011612,0.10000000149011612,0.4000000059604645,0.20000000298023224,/Users/estebanfelixmoran/Desktop/Purdue/Medical_Imaging/Datasets/Image_Database/src_adult/POLYIC_20190510_mouse40__E2_P1.nii.gz,/Users/estebanfelixmoran/Desktop/Purdue/Medical_Imaging/Datasets/Mask_Database/label_adult/POLYIC_20190510_mouse40__E2_P1.nii.gz,/Users/estebanfelixmoran/Desktop/Purdue/Medical_Imaging/3D-Medical-Segment-Anything/outputs/mouse_external_evaluation/native_predictions/POLYIC_20190510_mouse40__E2_P1_prediction.nii.gz
POLYIC_20190510_mouse41__E2_P1,mouse-41,20190510,original_geometry_valid,0.8561986987223293,0.7485554508244958,0.7569486777242223,0.9854033701427242,37479,1729,4.215448070719919,118452,473.8081976881083,473.8081976881083,616.8082573523594,30.181001587140788,9.882399708000008,35,0.10000000149011612,0.10000000149011612,0.4000001549720764,0.20000005265076956,/Users/estebanfelixmoran/Desktop/Purdue/Medical_Imaging/Datasets/Image_Database/src_adult/POLYIC_20190510_mouse41__E2_P1.nii.gz,/Users/estebanfelixmoran/Desktop/Purdue/Medical_Imaging/Datasets/Mask_Database/label_adult/POLYIC_20190510_mouse41__E2_P1.nii.gz,/Users/estebanfelixmoran/Desktop/Purdue/Medical_Imaging/3D-Medical-Segment-Anything/outputs/mouse_external_evaluation/native_predictions/POLYIC_20190510_mouse41__E2_P1_prediction.nii.gz
POLYIC_20190510_mouse42__E2_P1,mouse-42,20190510,original_geometry_valid,0.8712714215563482,0.7719051667554366,0.7858708398630592,0.9774958976916368,30677,2592,3.7322915928897715,115179,460.7161922257001,460.7161922257001,573.056239097602,24.383785238628562,9.879810667000001,35,0.10000000149011612,0.10000000149011612,0.4000001549720764,0.20000005265076956,/Users/estebanfelixmoran/Desktop/Purdue/Medical_Imaging/Datasets/Image_Database/src_adult/POLYIC_20190510_mouse42__E2_P1.nii.gz,/Users/estebanfelixmoran/Desktop/Purdue/Medical_Imaging/Datasets/Mask_Database/label_adult/POLYIC_20190510_mouse42__E2_P1.nii.gz,/Users/estebanfelixmoran/Desktop/Purdue/Medical_Imaging/3D-Medical-Segment-Anything/outputs/mouse_external_evaluation/native_predictions/POLYIC_20190510_mouse42__E2_P1_prediction.nii.gz
POLYIC_20190510_mouse43__E2_P1_1,mouse-43,20190510,original_geometry_valid,0.91958921999765,0.8511477643757736,0.8671951096779862,0.9787215223488809,11862,1684,0.44721360216395983,79141,316.5640141515138,316.5640141515138,357.276015971482,12.860590591475969,9.564098083000019,35,0.10000000149011612,0.10000000149011612,0.4000000059604645,0.20000000298023224,/Users/estebanfelixmoran/Desktop/Purdue/Medical_Imaging/Datasets/Image_Database/src_adult/POLYIC_20190510_mouse43__E2_P1_1.nii.gz,/Users/estebanfelixmoran/Desktop/Purdue/Medical_Imaging/Datasets/Mask_Database/label_adult/POLYIC_20190510_mouse43__E2_P1_1.nii.gz,/Users/estebanfelixmoran/Desktop/Purdue/Medical_Imaging/3D-Medical-Segment-Anything/outputs/mouse_external_evaluation/native_predictions/POLYIC_20190510_mouse43__E2_P1_1_prediction.nii.gz
POLYIC_20190510_mouse43__E9_P1,mouse-43,20190510,original_geometry_valid,0.9077276832762992,0.8310452159089006,0.8444806481554842,0.9812154130834507,21192,2203,0.8062256685548146,117277,469.1079510682207,469.1079510682207,545.0639431453923,16.191580616830255,9.661024209000004,35,0.10000000149011612,0.10000000149011612,0.3999999463558197,0.1999999831120173,/Users/estebanfelixmoran/Desktop/Purdue/Medical_Imaging/Datasets/Image_Database/src_adult/POLYIC_20190510_mouse43__E9_P1.nii.gz,/Users/estebanfelixmoran/Desktop/Purdue/Medical_Imaging/Datasets/Mask_Database/label_adult/POLYIC_20190510_mouse43__E9_P1.nii.gz,/Users/estebanfelixmoran/Desktop/Purdue/Medical_Imaging/3D-Medical-Segment-Anything/outputs/mouse_external_evaluation/native_predictions/POLYIC_20190510_mouse43__E9_P1_prediction.nii.gz
POLYIC_20190510_mouse44__E4_P1,mouse-44,20190510,original_geometry_valid,0.8788498972894395,0.783882457106317,0.7894191229973795,0.9911320902070221,30470,1022,1.6492422459101934,115247,460.98788322263584,460.98788322263584,578.779853383596,25.55207510824576,9.871226417000003,35,0.10000000149011612,0.10000000149011612,0.3999998867511749,0.1999999632438024,/Users/estebanfelixmoran/Desktop/Purdue/Medical_Imaging/Datasets/Image_Database/src_adult/POLYIC_20190510_mouse44__E4_P1.nii.gz,/Users/estebanfelixmoran/Desktop/Purdue/Medical_Imaging/Datasets/Mask_Database/label_adult/POLYIC_20190510_mouse44__E4_P1.nii.gz,/Users/estebanfelixmoran/Desktop/Purdue/Medical_Imaging/3D-Medical-Segment-Anything/outputs/mouse_external_evaluation/native_predictions/POLYIC_20190510_mouse44__E4_P1_prediction.nii.gz
POLYIC_20190517_mouse30__E3_P1,mouse-30,20190517,original_geometry_valid,0.8486644381804824,0.7371130245029259,0.7492368401629043,0.9785189572431319,37048,2430,5.015974556337626,113123,452.49202022796896,452.49202022796896,590.9640264181498,30.602087992715894,9.738129625,35,0.10000000149011612,0.10000000149011612,0.4000000059604645,0.20000000298023224,/Users/estebanfelixmoran/Desktop/Purdue/Medical_Imaging/Datasets/Image_Database/src_adult/POLYIC_20190517_mouse30__E3_P1.nii.gz,/Users/estebanfelixmoran/Desktop/Purdue/Medical_Imaging/Datasets/Mask_Database/label_adult/POLYIC_20190517_mouse30__E3_P1.nii.gz,/Users/estebanfelixmoran/Desktop/Purdue/Medical_Imaging/3D-Medical-Segment-Anything/outputs/mouse_external_evaluation/native_predictions/POLYIC_20190517_mouse30__E3_P1_prediction.nii.gz
POLYIC_20190517_mouse31__E3_P1,mouse-31,20190517,original_geometry_valid,0.8171244551047819,0.6907949518806406,0.7147357156029955,0.9537534354888939,42382,5149,5.35163534162191,111338,445.3519867274754,445.3519867274754,594.2839822889557,33.44141263539853,9.649202874999986,35,0.10000000149011612,0.10000000149011612,0.3999999761581421,0.19999999304612479,/Users/estebanfelixmoran/Desktop/Purdue/Medical_Imaging/Datasets/Image_Database/src_adult/POLYIC_20190517_mouse31__E3_P1.nii.gz,/Users/estebanfelixmoran/Desktop/Purdue/Medical_Imaging/Datasets/Mask_Database/label_adult/POLYIC_20190517_mouse31__E3_P1.nii.gz,/Users/estebanfelixmoran/Desktop/Purdue/Medical_Imaging/3D-Medical-Segment-Anything/outputs/mouse_external_evaluation/native_predictions/POLYIC_20190517_mouse31__E3_P1_prediction.nii.gz
POLYIC_20190517_mouse32__E3_P1,mouse-32,20190517,original_geometry_valid,0.9106084627305745,0.8358872192266588,0.8520288378173837,0.9778378472060926,19601,2558,4.472136018973997,115422,461.68798624062464,461.68798624062464,529.8599842089407,14.765815875656298,9.645660375000006,35,0.10000000149011612,0.10000000149011612,0.3999999761581421,0.19999999304612479,/Users/estebanfelixmoran/Desktop/Purdue/Medical_Imaging/Datasets/Image_Database/src_adult/POLYIC_20190517_mouse32__E3_P1.nii.gz,/Users/estebanfelixmoran/Desktop/Purdue/Medical_Imaging/Datasets/Mask_Database/label_adult/POLYIC_20190517_mouse32__E3_P1.nii.gz,/Users/estebanfelixmoran/Desktop/Purdue/Medical_Imaging/3D-Medical-Segment-Anything/outputs/mouse_external_evaluation/native_predictions/POLYIC_20190517_mouse32__E3_P1_prediction.nii.gz
POLYIC_20190517_mouse33__E2_P1,mouse-33,20190517,original_geometry_valid,0.8437628458559777,0.7297489471278136,0.7447806185284708,0.9730873021685975,36576,2952,4.509988980715944,109688,438.75201961374313,438.75201961374313,573.2480256261829,30.65421924002624,9.666398334000007,35,0.10000000149011612,0.10000000149011612,0.4000000059604645,0.20000000298023224,/Users/estebanfelixmoran/Desktop/Purdue/Medical_Imaging/Datasets/Image_Database/src_adult/POLYIC_20190517_mouse33__E2_P1.nii.gz,/Users/estebanfelixmoran/Desktop/Purdue/Medical_Imaging/Datasets/Mask_Database/label_adult/POLYIC_20190517_mouse33__E2_P1.nii.gz,/Users/estebanfelixmoran/Desktop/Purdue/Medical_Imaging/3D-Medical-Segment-Anything/outputs/mouse_external_evaluation/native_predictions/POLYIC_20190517_mouse33__E2_P1_prediction.nii.gz
POLYIC_20190517_mouse35__E2_P1,mouse-35,20190517,original_geometry_valid,0.8825339554385556,0.789763554554628,0.7995761976539303,0.984698558031948,27713,1718,4.236861940176127,112277,449.10798661553787,449.10798661553787,553.0879835166922,23.152560185968635,10.265401125000011,35,0.10000000149011612,0.10000000149011612,0.3999999761581421,0.19999999304612479,/Users/estebanfelixmoran/Desktop/Purdue/Medical_Imaging/Datasets/Image_Database/src_adult/POLYIC_20190517_mouse35__E2_P1.nii.gz,/Users/estebanfelixmoran/Desktop/Purdue/Medical_Imaging/Datasets/Mask_Database/label_adult/POLYIC_20190517_mouse35__E2_P1.nii.gz,/Users/estebanfelixmoran/Desktop/Purdue/Medical_Imaging/3D-Medical-Segment-Anything/outputs/mouse_external_evaluation/native_predictions/POLYIC_20190517_mouse35__E2_P1_prediction.nii.gz
POLYIC_20190517_mouse36__E2_P1,mouse-36,20190517,original_geometry_valid,0.8924416552307338,0.8057739436058977,0.8188407361952279,0.9805804321797167,25169,2253,3.9623224598464524,116017,464.0679515939337,464.0679515939337,555.7319420326331,19.75227768344296,9.790343708000023,35,0.10000000149011612,0.10000000149011612,0.3999999463558197,0.1999999831120173,/Users/estebanfelixmoran/Desktop/Purdue/Medical_Imaging/Datasets/Image_Database/src_adult/POLYIC_20190517_mouse36__E2_P1.nii.gz,/Users/estebanfelixmoran/Desktop/Purdue/Medical_Imaging/Datasets/Mask_Database/label_adult/POLYIC_20190517_mouse36__E2_P1.nii.gz,/Users/estebanfelixmoran/Desktop/Purdue/Medical_Imaging/3D-Medical-Segment-Anything/outputs/mouse_external_evaluation/native_predictions/POLYIC_20190517_mouse36__E2_P1_prediction.nii.gz
POLYIC_20190517_mouse37__E3_P1,mouse-37,20190517,original_geometry_valid,0.9201906588337685,0.8521788280162687,0.8632350205810634,0.9851929985178008,47057,4464,1.643943211785505,301479,447.1401585514541,447.1401585514541,510.31218968192115,14.128015550005141,9.775163917000015,43,0.0703125,0.0703125,0.3000001907348633,0.14687506357828775,/Users/estebanfelixmoran/Desktop/Purdue/Medical_Imaging/Datasets/Image_Database/src_adult/POLYIC_20190517_mouse37__E3_P1.nii.gz,/Users/estebanfelixmoran/Desktop/Purdue/Medical_Imaging/Datasets/Mask_Database/label_adult/POLYIC_20190517_mouse37__E3_P1.nii.gz,/Users/estebanfelixmoran/Desktop/Purdue/Medical_Imaging/3D-Medical-Segment-Anything/outputs/mouse_external_evaluation/native_predictions/POLYIC_20190517_mouse37__E3_P1_prediction.nii.gz
POLYIC_20190517_mouse38__E3_P1,mouse-38,20190517,original_geometry_valid,0.9025916281556894,0.8224756173910613,0.8387199573241002,0.9769933354072142,21762,2665,4.311612157870837,115836,463.34415880036795,463.34415880036795,539.7321849805764,16.48623916571706,9.823285083999991,35,0.10000000149011612,0.10000000149011612,0.40000012516975403,0.20000004271666208,/Users/estebanfelixmoran/Desktop/Purdue/Medical_Imaging/Datasets/Image_Database/src_adult/POLYIC_20190517_mouse38__E3_P1.nii.gz,/Users/estebanfelixmoran/Desktop/Purdue/Medical_Imaging/Datasets/Mask_Database/label_adult/POLYIC_20190517_mouse38__E3_P1.nii.gz,/Users/estebanfelixmoran/Desktop/Purdue/Medical_Imaging/3D-Medical-Segment-Anything/outputs/mouse_external_evaluation/native_predictions/POLYIC_20190517_mouse38__E3_P1_prediction.nii.gz
POLYIC_20190517_mouse39__E12_P1,mouse-39,20190517,original_geometry_valid,0.9230808187126315,0.8571495751532858,0.8664060225469128,0.9876891918898466,44968,3635,4.246689043251067,295269,437.9297645120532,437.9297645120532,499.233020040323,13.99842177810742,9.657389832999996,43,0.0703125,0.0703125,0.3000001907348633,0.14687506357828775,/Users/estebanfelixmoran/Desktop/Purdue/Medical_Imaging/Datasets/Image_Database/src_adult/POLYIC_20190517_mouse39__E12_P1.nii.gz,/Users/estebanfelixmoran/Desktop/Purdue/Medical_Imaging/Datasets/Mask_Database/label_adult/POLYIC_20190517_mouse39__E12_P1.nii.gz,/Users/estebanfelixmoran/Desktop/Purdue/Medical_Imaging/3D-Medical-Segment-Anything/outputs/mouse_external_evaluation/native_predictions/POLYIC_20190517_mouse39__E12_P1_prediction.nii.gz
POLYIC_20190517_mouse40__E3_P1,mouse-40,20190517,original_geometry_valid,0.9384235837366574,0.8839906099691455,0.8977992185712623,0.9828985962721822,12817,1959,0.5385164887379713,114552,458.20802048349407,458.20802048349407,501.6400224250558,9.478664711222853,9.68194895800002,35,0.10000000149011612,0.10000000149011612,0.4000000059604645,0.20000000298023224,/Users/estebanfelixmoran/Desktop/Purdue/Medical_Imaging/Datasets/Image_Database/src_adult/POLYIC_20190517_mouse40__E3_P1.nii.gz,/Users/estebanfelixmoran/Desktop/Purdue/Medical_Imaging/Datasets/Mask_Database/label_adult/POLYIC_20190517_mouse40__E3_P1.nii.gz,/Users/estebanfelixmoran/Desktop/Purdue/Medical_Imaging/3D-Medical-Segment-Anything/outputs/mouse_external_evaluation/native_predictions/POLYIC_20190517_mouse40__E3_P1_prediction.nii.gz
POLYIC_20190517_mouse41__E3_P1,mouse-41,20190517,original_geometry_valid,0.8783533835782282,0.7830927947597277,0.8005266164337393,0.9729423119276535,28636,3196,5.310555532927822,118118,472.4719859192364,472.4719859192364,574.2319828865519,21.537784249648663,9.731066583,35,0.10000000149011612,0.10000000149011612,0.3999999761581421,0.19999999304612479,/Users/estebanfelixmoran/Desktop/Purdue/Medical_Imaging/Datasets/Image_Database/src_adult/POLYIC_20190517_mouse41__E3_P1.nii.gz,/Users/estebanfelixmoran/Desktop/Purdue/Medical_Imaging/Datasets/Mask_Database/label_adult/POLYIC_20190517_mouse41__E3_P1.nii.gz,/Users/estebanfelixmoran/Desktop/Purdue/Medical_Imaging/3D-Medical-Segment-Anything/outputs/mouse_external_evaluation/native_predictions/POLYIC_20190517_mouse41__E3_P1_prediction.nii.gz
POLYIC_20190517_mouse42__E4_P1,mouse-42,20190517,original_geometry_valid,0.8932941222035641,0.8071648846662542,0.8213807924526515,0.9790079896881302,25101,2475,4.700000070035458,117902,471.6077751197745,471.6077751197745,562.111731964103,19.190514155824335,9.873630958000035,35,0.10000000149011612,0.10000000149011612,0.39999979734420776,0.19999993344148,/Users/estebanfelixmoran/Desktop/Purdue/Medical_Imaging/Datasets/Image_Database/src_adult/POLYIC_20190517_mouse42__E4_P1.nii.gz,/Users/estebanfelixmoran/Desktop/Purdue/Medical_Imaging/Datasets/Mask_Database/label_adult/POLYIC_20190517_mouse42__E4_P1.nii.gz,/Users/estebanfelixmoran/Desktop/Purdue/Medical_Imaging/3D-Medical-Segment-Anything/outputs/mouse_external_evaluation/native_predictions/POLYIC_20190517_mouse42__E4_P1_prediction.nii.gz
POLYIC_20190517_mouse43__E3_P1,mouse-43,20190517,original_geometry_valid,0.8655824344118395,0.763019245009472,0.7723505149371881,0.9844128012603353,34661,1862,4.346607769869735,119457,477.8277009519246,477.8277009519246,609.0236188430669,27.456741756447933,9.777009209000028,35,0.10000000149011612,0.10000000149011612,0.399999737739563,0.19999991357326508,/Users/estebanfelixmoran/Desktop/Purdue/Medical_Imaging/Datasets/Image_Database/src_adult/POLYIC_20190517_mouse43__E3_P1.nii.gz,/Users/estebanfelixmoran/Desktop/Purdue/Medical_Imaging/Datasets/Mask_Database/label_adult/POLYIC_20190517_mouse43__E3_P1.nii.gz,/Users/estebanfelixmoran/Desktop/Purdue/Medical_Imaging/3D-Medical-Segment-Anything/outputs/mouse_external_evaluation/native_predictions/POLYIC_20190517_mouse43__E3_P1_prediction.nii.gz
POLYIC_20190517_mouse44__E3_P1,mouse-44,20190517,original_geometry_valid,0.8884479017875683,0.7992858843269096,0.8116341386060835,0.9813209752854608,27275,2237,3.93573417111899,119760,479.0405210924301,479.0405210924301,579.1926300362533,20.90681362725451,9.749293292000004,35,0.10000000149011612,0.10000000149011612,0.4000004231929779,0.20000014205773672,/Users/estebanfelixmoran/Desktop/Purdue/Medical_Imaging/Datasets/Image_Database/src_adult/POLYIC_20190517_mouse44__E3_P1.nii.gz,/Users/estebanfelixmoran/Desktop/Purdue/Medical_Imaging/Datasets/Mask_Database/label_adult/POLYIC_20190517_mouse44__E3_P1.nii.gz,/Users/estebanfelixmoran/Desktop/Purdue/Medical_Imaging/3D-Medical-Segment-Anything/outputs/mouse_external_evaluation/native_predictions/POLYIC_20190517_mouse44__E3_P1_prediction.nii.gz
POLYIC_20190524_polyic___E3_P1,anonymous-POLYIC_20190524_polyic___E3_P1,20190524,original_geometry_valid,0.8014522711688036,0.6686861540031533,0.6924259472673471,0.9512284990248191,47017,5427,5.099019589574096,111274,445.0955887882584,445.0955887882584,611.4554350929087,37.3762064812984,9.840386166999963,37,0.10000000149011612,0.10000000149011612,0.39999961853027344,0.19999987383683523,/Users/estebanfelixmoran/Desktop/Purdue/Medical_Imaging/Datasets/Image_Database/src_adult/POLYIC_20190524_polyic___E3_P1.nii.gz,/Users/estebanfelixmoran/Desktop/Purdue/Medical_Imaging/Datasets/Mask_Database/label_adult/POLYIC_20190524_polyic___E3_P1.nii.gz,/Users/estebanfelixmoran/Desktop/Purdue/Medical_Imaging/3D-Medical-Segment-Anything/outputs/mouse_external_evaluation/native_predictions/POLYIC_20190524_polyic___E3_P1_prediction.nii.gz
POLYIC_20190524_polyic___E3_P1_1,anonymous-POLYIC_20190524_polyic___E3_P1_1,20190524,original_geometry_valid,0.9025755967475514,0.8224489942811412,0.8427149268034756,0.9715907160115208,21345,3344,4.680918664951006,117708,470.8321262869869,470.8321262869869,542.8361455999652,15.292928263159679,9.58532754099997,36,0.10000000149011612,0.10000000149011612,0.40000009536743164,0.20000003278255463,/Users/estebanfelixmoran/Desktop/Purdue/Medical_Imaging/Datasets/Image_Database/src_adult/POLYIC_20190524_polyic___E3_P1_1.nii.gz,/Users/estebanfelixmoran/Desktop/Purdue/Medical_Imaging/Datasets/Mask_Database/label_adult/POLYIC_20190524_polyic___E3_P1_1.nii.gz,/Users/estebanfelixmoran/Desktop/Purdue/Medical_Imaging/3D-Medical-Segment-Anything/outputs/mouse_external_evaluation/native_predictions/POLYIC_20190524_polyic___E3_P1_1_prediction.nii.gz
POLYIC_20190524_polyic___E3_P1_10,anonymous-POLYIC_20190524_polyic___E3_P1_10,20190524,original_geometry_valid,0.9367209107893604,0.8809736975922945,0.9038728897795537,0.972046455749384,11616,3141,0.5000000789761572,112365,449.4601205545697,449.4601205545697,483.3601296472585,7.542384194366567,9.767141207999998,36,0.10000000149011612,0.10000000149011612,0.40000009536743164,0.20000003278255463,/Users/estebanfelixmoran/Desktop/Purdue/Medical_Imaging/Datasets/Image_Database/src_adult/POLYIC_20190524_polyic___E3_P1_10.nii.gz,/Users/estebanfelixmoran/Desktop/Purdue/Medical_Imaging/Datasets/Mask_Database/label_adult/POLYIC_20190524_polyic___E3_P1_10.nii.gz,/Users/estebanfelixmoran/Desktop/Purdue/Medical_Imaging/3D-Medical-Segment-Anything/outputs/mouse_external_evaluation/native_predictions/POLYIC_20190524_polyic___E3_P1_10_prediction.nii.gz
POLYIC_20190524_polyic___E3_P1_12,anonymous-POLYIC_20190524_polyic___E3_P1_12,20190524,original_geometry_valid,0.8957296051470276,0.8111506106922566,0.8312748889138863,0.9710197443290031,23388,3439,4.368066072343522,118667,474.6681273158824,474.6681273158824,554.464148718838,16.810907834528557,9.87264325000001,36,0.10000000149011612,0.10000000149011612,0.40000009536743164,0.20000003278255463,/Users/estebanfelixmoran/Desktop/Purdue/Medical_Imaging/Datasets/Image_Database/src_adult/POLYIC_20190524_polyic___E3_P1_12.nii.gz,/Users/estebanfelixmoran/Desktop/Purdue/Medical_Imaging/Datasets/Mask_Database/label_adult/POLYIC_20190524_polyic___E3_P1_12.nii.gz,/Users/estebanfelixmoran/Desktop/Purdue/Medical_Imaging/3D-Medical-Segment-Anything/outputs/mouse_external_evaluation/native_predictions/POLYIC_20190524_polyic___E3_P1_12_prediction.nii.gz
POLYIC_20190524_polyic___E3_P1_13,anonymous-POLYIC_20190524_polyic___E3_P1_13,20190524,original_geometry_valid,0.8381634160587875,0.7214124840401337,0.7357997268431866,0.9736111871795087,38299,2891,4.754629372370744,109554,438.21611753869377,438.21611753869377,579.8481555273576,32.32013436296257,9.717562791999967,36,0.10000000149011612,0.10000000149011612,0.40000009536743164,0.20000003278255463,/Users/estebanfelixmoran/Desktop/Purdue/Medical_Imaging/Datasets/Image_Database/src_adult/POLYIC_20190524_polyic___E3_P1_13.nii.gz,/Users/estebanfelixmoran/Desktop/Purdue/Medical_Imaging/Datasets/Mask_Database/label_adult/POLYIC_20190524_polyic___E3_P1_13.nii.gz,/Users/estebanfelixmoran/Desktop/Purdue/Medical_Imaging/3D-Medical-Segment-Anything/outputs/mouse_external_evaluation/native_predictions/POLYIC_20190524_polyic___E3_P1_13_prediction.nii.gz
POLYIC_20190524_polyic___E3_P1_3,anonymous-POLYIC_20190524_polyic___E3_P1_3,20190524,original_geometry_valid,0.8229164681692164,0.6991147577273095,0.7149062976150649,0.9693720873879291,43052,3411,5.353502939704275,111369,445.475588437187,445.475588437187,604.0394419443437,35.59428566297624,9.79867200000001,36,0.10000000149011612,0.10000000149011612,0.39999961853027344,0.19999987383683523,/Users/estebanfelixmoran/Desktop/Purdue/Medical_Imaging/Datasets/Image_Database/src_adult/POLYIC_20190524_polyic___E3_P1_3.nii.gz,/Users/estebanfelixmoran/Desktop/Purdue/Medical_Imaging/Datasets/Mask_Database/label_adult/POLYIC_20190524_polyic___E3_P1_3.nii.gz,/Users/estebanfelixmoran/Desktop/Purdue/Medical_Imaging/3D-Medical-Segment-Anything/outputs/mouse_external_evaluation/native_predictions/POLYIC_20190524_polyic___E3_P1_3_prediction.nii.gz
POLYIC_20190524_polyic___E3_P1_4,anonymous-POLYIC_20190524_polyic___E3_P1_4,20190524,original_geometry_valid,0.8593083000939403,0.7533221291732732,0.7679262557903697,0.975376618802275,33459,2795,4.964876737717622,113510,454.04012178302145,454.04012178302145,576.6961546819252,27.014359968284733,9.711850874999982,36,0.10000000149011612,0.10000000149011612,0.40000009536743164,0.20000003278255463,/Users/estebanfelixmoran/Desktop/Purdue/Medical_Imaging/Datasets/Image_Database/src_adult/POLYIC_20190524_polyic___E3_P1_4.nii.gz,/Users/estebanfelixmoran/Desktop/Purdue/Medical_Imaging/Datasets/Mask_Database/label_adult/POLYIC_20190524_polyic___E3_P1_4.nii.gz,/Users/estebanfelixmoran/Desktop/Purdue/Medical_Imaging/3D-Medical-Segment-Anything/outputs/mouse_external_evaluation/native_predictions/POLYIC_20190524_polyic___E3_P1_4_prediction.nii.gz
POLYIC_20190524_polyic___E3_P1_5,anonymous-POLYIC_20190524_polyic___E3_P1_5,20190524,original_geometry_valid,0.8520947292431627,0.7423040480436062,0.7582194780961174,0.9725000906117484,34225,3035,4.835287455130144,110364,441.4566446643065,441.4566446643065,566.2168268530612,28.261027146533298,9.836780999999974,36,0.10000000149011612,0.10000000149011612,0.40000057220458984,0.20000019172827402,/Users/estebanfelixmoran/Desktop/Purdue/Medical_Imaging/Datasets/Image_Database/src_adult/POLYIC_20190524_polyic___E3_P1_5.nii.gz,/Users/estebanfelixmoran/Desktop/Purdue/Medical_Imaging/Datasets/Mask_Database/label_adult/POLYIC_20190524_polyic___E3_P1_5.nii.gz,/Users/estebanfelixmoran/Desktop/Purdue/Medical_Imaging/3D-Medical-Segment-Anything/outputs/mouse_external_evaluation/native_predictions/POLYIC_20190524_polyic___E3_P1_5_prediction.nii.gz
POLYIC_20190524_polyic___E3_P1_6,anonymous-POLYIC_20190524_polyic___E3_P1_6,20190524,original_geometry_valid,0.903474421583558,0.8239428604074938,0.8398657027156868,0.9775077013986996,22083,2665,5.430469508357011,118485,473.93956214009376,473.93956214009376,551.611490381106,16.388572393129927,9.963147332999995,36,0.10000000149011612,0.10000000149011612,0.39999961853027344,0.19999987383683523,/Users/estebanfelixmoran/Desktop/Purdue/Medical_Imaging/Datasets/Image_Database/src_adult/POLYIC_20190524_polyic___E3_P1_6.nii.gz,/Users/estebanfelixmoran/Desktop/Purdue/Medical_Imaging/Datasets/Mask_Database/label_adult/POLYIC_20190524_polyic___E3_P1_6.nii.gz,/Users/estebanfelixmoran/Desktop/Purdue/Medical_Imaging/3D-Medical-Segment-Anything/outputs/mouse_external_evaluation/native_predictions/POLYIC_20190524_polyic___E3_P1_6_prediction.nii.gz
POLYIC_20190524_polyic___E3_P1_7,anonymous-POLYIC_20190524_polyic___E3_P1_7,20190524,original_geometry_valid,0.8667912563313193,0.7648999014382992,0.7858034844217682,0.9663910401110256,28130,3589,4.775981126500278,106787,427.14760536991344,427.14760536991344,525.3115146789403,22.981261764072418,9.823757249999971,36,0.10000000149011612,0.10000000149011612,0.39999961853027344,0.19999987383683523,/Users/estebanfelixmoran/Desktop/Purdue/Medical_Imaging/Datasets/Image_Database/src_adult/POLYIC_20190524_polyic___E3_P1_7.nii.gz,/Users/estebanfelixmoran/Desktop/Purdue/Medical_Imaging/Datasets/Mask_Database/label_adult/POLYIC_20190524_polyic___E3_P1_7.nii.gz,/Users/estebanfelixmoran/Desktop/Purdue/Medical_Imaging/3D-Medical-Segment-Anything/outputs/mouse_external_evaluation/native_predictions/POLYIC_20190524_polyic___E3_P1_7_prediction.nii.gz
POLYIC_20190524_polyic___E3_P1_9,anonymous-POLYIC_20190524_polyic___E3_P1_9,20190524,original_geometry_valid,0.8899559957882295,0.8017303750300155,0.8274349361551705,0.9626975077407922,22186,4122,3.7336309961543304,110502,442.00811855578746,442.00811855578746,514.2641379363574,16.347215435014746,9.763110209000047,38,0.10000000149011612,0.10000000149011612,0.40000009536743164,0.20000003278255463,/Users/estebanfelixmoran/Desktop/Purdue/Medical_Imaging/Datasets/Image_Database/src_adult/POLYIC_20190524_polyic___E3_P1_9.nii.gz,/Users/estebanfelixmoran/Desktop/Purdue/Medical_Imaging/Datasets/Mask_Database/label_adult/POLYIC_20190524_polyic___E3_P1_9.nii.gz,/Users/estebanfelixmoran/Desktop/Purdue/Medical_Imaging/3D-Medical-Segment-Anything/outputs/mouse_external_evaluation/native_predictions/POLYIC_20190524_polyic___E3_P1_9_prediction.nii.gz
POLYIC_20190524_polyic___E4_P1_1,anonymous-POLYIC_20190524_polyic___E4_P1_1,20190524,original_geometry_valid,0.8954594404291416,0.8107076129325672,0.8306239650088404,0.9712735057185378,22297,3234,4.539823818638986,112579,450.3155839656464,450.3155839656464,526.567513518557,16.932998161291195,9.686319999999967,36,0.10000000149011612,0.10000000149011612,0.39999961853027344,0.19999987383683523,/Users/estebanfelixmoran/Desktop/Purdue/Medical_Imaging/Datasets/Image_Database/src_adult/POLYIC_20190524_polyic___E4_P1_1.nii.gz,/Users/estebanfelixmoran/Desktop/Purdue/Medical_Imaging/Datasets/Mask_Database/label_adult/POLYIC_20190524_polyic___E4_P1_1.nii.gz,/Users/estebanfelixmoran/Desktop/Purdue/Medical_Imaging/3D-Medical-Segment-Anything/outputs/mouse_external_evaluation/native_predictions/POLYIC_20190524_polyic___E4_P1_1_prediction.nii.gz
POLYIC_20190524_polyic___E4_P1_7,anonymous-POLYIC_20190524_polyic___E4_P1_7,20190524,original_geometry_valid,0.9028024514053566,0.8228258006675736,0.8420435086064214,0.973011597869784,19924,2946,5.045790428155876,109158,436.63211711383184,436.63211711383184,504.5441353292502,15.553601201927481,9.871585041999992,36,0.10000000149011612,0.10000000149011612,0.40000009536743164,0.20000003278255463,/Users/estebanfelixmoran/Desktop/Purdue/Medical_Imaging/Datasets/Image_Database/src_adult/POLYIC_20190524_polyic___E4_P1_7.nii.gz,/Users/estebanfelixmoran/Desktop/Purdue/Medical_Imaging/Datasets/Mask_Database/label_adult/POLYIC_20190524_polyic___E4_P1_7.nii.gz,/Users/estebanfelixmoran/Desktop/Purdue/Medical_Imaging/3D-Medical-Segment-Anything/outputs/mouse_external_evaluation/native_predictions/POLYIC_20190524_polyic___E4_P1_7_prediction.nii.gz
POLYIC_20190524_polyic___E4_P1_9,anonymous-POLYIC_20190524_polyic___E4_P1_9,20190524,original_geometry_valid,0.8672461054546619,0.7656085842124191,0.7937276714547528,0.9557739557778228,28407,5058,5.000999974540701,114367,457.46812270248273,457.46812270248273,550.8641477532427,20.4158542236834,9.671902375000002,39,0.10000000149011612,0.10000000149011612,0.40000009536743164,0.20000003278255463,/Users/estebanfelixmoran/Desktop/Purdue/Medical_Imaging/Datasets/Image_Database/src_adult/POLYIC_20190524_polyic___E4_P1_9.nii.gz,/Users/estebanfelixmoran/Desktop/Purdue/Medical_Imaging/Datasets/Mask_Database/label_adult/POLYIC_20190524_polyic___E4_P1_9.nii.gz,/Users/estebanfelixmoran/Desktop/Purdue/Medical_Imaging/3D-Medical-Segment-Anything/outputs/mouse_external_evaluation/native_predictions/POLYIC_20190524_polyic___E4_P1_9_prediction.nii.gz
POLYIC_20190524_polyic___E8_P1_1,anonymous-POLYIC_20190524_polyic___E8_P1_1,20190524,original_geometry_valid,0.8561167105077705,0.7484301225325469,0.7637362637527378,0.9739207753546507,33884,2933,4.579410948766849,112465,449.86012066185805,449.86012066185805,573.6641538686795,27.520561952607483,9.460384291000025,36,0.10000000149011612,0.10000000149011612,0.40000009536743164,0.20000003278255463,/Users/estebanfelixmoran/Desktop/Purdue/Medical_Imaging/Datasets/Image_Database/src_adult/POLYIC_20190524_polyic___E8_P1_1.nii.gz,/Users/estebanfelixmoran/Desktop/Purdue/Medical_Imaging/Datasets/Mask_Database/label_adult/POLYIC_20190524_polyic___E8_P1_1.nii.gz,/Users/estebanfelixmoran/Desktop/Purdue/Medical_Imaging/3D-Medical-Segment-Anything/outputs/mouse_external_evaluation/native_predictions/POLYIC_20190524_polyic___E8_P1_1_prediction.nii.gz
POLYIC_20190524_polyic___E9_P1_1,anonymous-POLYIC_20190524_polyic___E9_P1_1,20190524,original_geometry_valid,0.853601330412462,0.7445937901591884,0.7571090877967016,0.9782816307730454,38121,2638,4.430294200495629,121464,485.856709502241,485.856709502241,627.7889167675049,29.212770862148453,9.704421374999981,36,0.10000000149011612,0.10000000149011612,0.40000057220458984,0.20000019172827402,/Users/estebanfelixmoran/Desktop/Purdue/Medical_Imaging/Datasets/Image_Database/src_adult/POLYIC_20190524_polyic___E9_P1_1.nii.gz,/Users/estebanfelixmoran/Desktop/Purdue/Medical_Imaging/Datasets/Mask_Database/label_adult/POLYIC_20190524_polyic___E9_P1_1.nii.gz,/Users/estebanfelixmoran/Desktop/Purdue/Medical_Imaging/3D-Medical-Segment-Anything/outputs/mouse_external_evaluation/native_predictions/POLYIC_20190524_polyic___E9_P1_1_prediction.nii.gz
POLYIC_20190531_polyic_m__E3_P1,anonymous-POLYIC_20190531_polyic_m__E3_P1,20190531,original_geometry_valid,0.8879948668130521,0.7985528486510092,0.819611376762567,0.9688281122523963,24824,3629,4.079644634071305,116419,465.67612490403997,465.67612490403997,550.4561476438085,18.205791150928956,9.627261041999986,38,0.10000000149011612,0.10000000149011612,0.40000009536743164,0.20000003278255463,/Users/estebanfelixmoran/Desktop/Purdue/Medical_Imaging/Datasets/Image_Database/src_adult/POLYIC_20190531_polyic_m__E3_P1.nii.gz,/Users/estebanfelixmoran/Desktop/Purdue/Medical_Imaging/Datasets/Mask_Database/label_adult/POLYIC_20190531_polyic_m__E3_P1.nii.gz,/Users/estebanfelixmoran/Desktop/Purdue/Medical_Imaging/3D-Medical-Segment-Anything/outputs/mouse_external_evaluation/native_predictions/POLYIC_20190531_polyic_m__E3_P1_prediction.nii.gz
POLYIC_20190531_polyic_m__E3_P1_1,anonymous-POLYIC_20190531_polyic_m__E3_P1_1,20190531,original_geometry_valid,0.8880686261979555,0.7986721547119401,0.8194648093979514,0.9692086746841646,23640,3409,4.51774286655022,110713,442.8521187821659,442.8521187821659,523.7761404876748,18.273373497240616,9.603327208999985,38,0.10000000149011612,0.10000000149011612,0.40000009536743164,0.20000003278255463,/Users/estebanfelixmoran/Desktop/Purdue/Medical_Imaging/Datasets/Image_Database/src_adult/POLYIC_20190531_polyic_m__E3_P1_1.nii.gz,/Users/estebanfelixmoran/Desktop/Purdue/Medical_Imaging/Datasets/Mask_Database/label_adult/POLYIC_20190531_polyic_m__E3_P1_1.nii.gz,/Users/estebanfelixmoran/Desktop/Purdue/Medical_Imaging/3D-Medical-Segment-Anything/outputs/mouse_external_evaluation/native_predictions/POLYIC_20190531_polyic_m__E3_P1_1_prediction.nii.gz
POLYIC_20190531_polyic_m__E3_P1_10,anonymous-POLYIC_20190531_polyic_m__E3_P1_10,20190531,original_geometry_valid,0.8216665846775607,0.6973124703114483,0.7235626591490221,0.9505459385194825,41475,5648,5.478366657952098,114207,456.8280544581426,456.8280544581426,600.1360715417879,31.370231246771223,9.53206104200001,38,0.10000000149011612,0.10000000149011612,0.40000003576278687,0.2000000129143397,/Users/estebanfelixmoran/Desktop/Purdue/Medical_Imaging/Datasets/Image_Database/src_adult/POLYIC_20190531_polyic_m__E3_P1_10.nii.gz,/Users/estebanfelixmoran/Desktop/Purdue/Medical_Imaging/Datasets/Mask_Database/label_adult/POLYIC_20190531_polyic_m__E3_P1_10.nii.gz,/Users/estebanfelixmoran/Desktop/Purdue/Medical_Imaging/3D-Medical-Segment-Anything/outputs/mouse_external_evaluation/native_predictions/POLYIC_20190531_polyic_m__E3_P1_10_prediction.nii.gz
POLYIC_20190531_polyic_m__E3_P1_11,anonymous-POLYIC_20190531_polyic_m__E3_P1_11,20190531,original_geometry_valid,0.888286634090586,0.7990248757799173,0.8231832367496521,0.9645721052158348,23796,4069,5.140038993908796,114853,459.4121232239042,459.4121232239042,538.3201443886796,17.17586828380625,9.638101082999981,38,0.10000000149011612,0.10000000149011612,0.40000009536743164,0.20000003278255463,/Users/estebanfelixmoran/Desktop/Purdue/Medical_Imaging/Datasets/Image_Database/src_adult/POLYIC_20190531_polyic_m__E3_P1_11.nii.gz,/Users/estebanfelixmoran/Desktop/Purdue/Medical_Imaging/Datasets/Mask_Database/label_adult/POLYIC_20190531_polyic_m__E3_P1_11.nii.gz,/Users/estebanfelixmoran/Desktop/Purdue/Medical_Imaging/3D-Medical-Segment-Anything/outputs/mouse_external_evaluation/native_predictions/POLYIC_20190531_polyic_m__E3_P1_11_prediction.nii.gz
POLYIC_20190531_polyic_m__E3_P1_12,anonymous-POLYIC_20190531_polyic_m__E3_P1_12,20190531,original_geometry_valid,0.8715005599155535,0.7722649466795007,0.7938433515632902,0.9659987587582234,28295,3835,4.884106823399581,112790,451.15958318589844,451.15958318589844,548.9994927942598,21.686319709194084,9.656452291999983,38,0.10000000149011612,0.10000000149011612,0.39999961853027344,0.19999987383683523,/Users/estebanfelixmoran/Desktop/Purdue/Medical_Imaging/Datasets/Image_Database/src_adult/POLYIC_20190531_polyic_m__E3_P1_12.nii.gz,/Users/estebanfelixmoran/Desktop/Purdue/Medical_Imaging/Datasets/Mask_Database/label_adult/POLYIC_20190531_polyic_m__E3_P1_12.nii.gz,/Users/estebanfelixmoran/Desktop/Purdue/Medical_Imaging/3D-Medical-Segment-Anything/outputs/mouse_external_evaluation/native_predictions/POLYIC_20190531_polyic_m__E3_P1_12_prediction.nii.gz
POLYIC_20190531_polyic_m__E3_P1_13,anonymous-POLYIC_20190531_polyic_m__E3_P1_13,20190531,original_geometry_valid,0.895365632731275,0.8105538441220604,0.8322637902912599,0.9688211920557332,22113,3531,6.428841359975372,113250,453.00012150407167,453.00012150407167,527.3281414403954,16.40794701986755,10.01368045800001,38,0.10000000149011612,0.10000000149011612,0.40000009536743164,0.20000003278255463,/Users/estebanfelixmoran/Desktop/Purdue/Medical_Imaging/Datasets/Image_Database/src_adult/POLYIC_20190531_polyic_m__E3_P1_13.nii.gz,/Users/estebanfelixmoran/Desktop/Purdue/Medical_Imaging/Datasets/Mask_Database/label_adult/POLYIC_20190531_polyic_m__E3_P1_13.nii.gz,/Users/estebanfelixmoran/Desktop/Purdue/Medical_Imaging/3D-Medical-Segment-Anything/outputs/mouse_external_evaluation/native_predictions/POLYIC_20190531_polyic_m__E3_P1_13_prediction.nii.gz
POLYIC_20190531_polyic_m__E3_P1_2,anonymous-POLYIC_20190531_polyic_m__E3_P1_2,20190531,original_geometry_valid,0.8399046274892519,0.7239961880734438,0.7449776749400213,0.9625559591213315,39010,4433,5.74055712234032,118390,473.55984475492943,473.55984475492943,611.8677994140323,29.20601402145451,10.193938875000072,38,0.10000000149011612,0.10000000149011612,0.39999985694885254,0.19999995330969492,/Users/estebanfelixmoran/Desktop/Purdue/Medical_Imaging/Datasets/Image_Database/src_adult/POLYIC_20190531_polyic_m__E3_P1_2.nii.gz,/Users/estebanfelixmoran/Desktop/Purdue/Medical_Imaging/Datasets/Mask_Database/label_adult/POLYIC_20190531_polyic_m__E3_P1_2.nii.gz,/Users/estebanfelixmoran/Desktop/Purdue/Medical_Imaging/3D-Medical-Segment-Anything/outputs/mouse_external_evaluation/native_predictions/POLYIC_20190531_polyic_m__E3_P1_2_prediction.nii.gz
POLYIC_20190531_polyic_m__E3_P1_3,anonymous-POLYIC_20190531_polyic_m__E3_P1_3,20190531,original_geometry_valid,0.8483967730572765,0.7367092703616432,0.7638935487925669,0.9539211825175407,35186,5499,6.66243198067317,119339,477.3561280368601,477.3561280368601,596.1041598875566,24.876193029939927,10.174197291999917,38,0.10000000149011612,0.10000000149011612,0.40000009536743164,0.20000003278255463,/Users/estebanfelixmoran/Desktop/Purdue/Medical_Imaging/Datasets/Image_Database/src_adult/POLYIC_20190531_polyic_m__E3_P1_3.nii.gz,/Users/estebanfelixmoran/Desktop/Purdue/Medical_Imaging/Datasets/Mask_Database/label_adult/POLYIC_20190531_polyic_m__E3_P1_3.nii.gz,/Users/estebanfelixmoran/Desktop/Purdue/Medical_Imaging/3D-Medical-Segment-Anything/outputs/mouse_external_evaluation/native_predictions/POLYIC_20190531_polyic_m__E3_P1_3_prediction.nii.gz
POLYIC_20190531_polyic_m__E3_P1_4,anonymous-POLYIC_20190531_polyic_m__E3_P1_4,20190531,original_geometry_valid,0.9115392909908786,0.8374572306127964,0.8533435830651833,0.9782535161137392,18887,2443,4.5188495285369985,112340,449.3606562066271,449.3606562066271,515.1367522602302,14.637706961011212,9.653451791000066,38,0.10000000149011612,0.10000000149011612,0.40000057220458984,0.20000019172827402,/Users/estebanfelixmoran/Desktop/Purdue/Medical_Imaging/Datasets/Image_Database/src_adult/POLYIC_20190531_polyic_m__E3_P1_4.nii.gz,/Users/estebanfelixmoran/Desktop/Purdue/Medical_Imaging/Datasets/Mask_Database/label_adult/POLYIC_20190531_polyic_m__E3_P1_4.nii.gz,/Users/estebanfelixmoran/Desktop/Purdue/Medical_Imaging/3D-Medical-Segment-Anything/outputs/mouse_external_evaluation/native_predictions/POLYIC_20190531_polyic_m__E3_P1_4_prediction.nii.gz
POLYIC_20190531_polyic_m__E3_P1_5,anonymous-POLYIC_20190531_polyic_m__E3_P1_5,20190531,original_geometry_valid,0.8606646695649197,0.7554094449487571,0.7799154828042221,0.9600658743194672,31092,4583,5.922837300584554,114764,459.05612312841754,459.05612312841754,565.0921515694898,23.098706911575057,9.818843000000015,38,0.10000000149011612,0.10000000149011612,0.40000009536743164,0.20000003278255463,/Users/estebanfelixmoran/Desktop/Purdue/Medical_Imaging/Datasets/Image_Database/src_adult/POLYIC_20190531_polyic_m__E3_P1_5.nii.gz,/Users/estebanfelixmoran/Desktop/Purdue/Medical_Imaging/Datasets/Mask_Database/label_adult/POLYIC_20190531_polyic_m__E3_P1_5.nii.gz,/Users/estebanfelixmoran/Desktop/Purdue/Medical_Imaging/3D-Medical-Segment-Anything/outputs/mouse_external_evaluation/native_predictions/POLYIC_20190531_polyic_m__E3_P1_5_prediction.nii.gz
POLYIC_20190531_polyic_m__E3_P1_6,anonymous-POLYIC_20190531_polyic_m__E3_P1_6,20190531,original_geometry_valid,0.8371452548124372,0.7199052661457679,0.7422667162889528,0.9598338071323128,38102,4592,5.8660038576492655,114325,457.3001226574216,457.3001226574216,591.3401586097523,29.311174283839946,9.630199167,38,0.10000000149011612,0.10000000149011612,0.40000009536743164,0.20000003278255463,/Users/estebanfelixmoran/Desktop/Purdue/Medical_Imaging/Datasets/Image_Database/src_adult/POLYIC_20190531_polyic_m__E3_P1_6.nii.gz,/Users/estebanfelixmoran/Desktop/Purdue/Medical_Imaging/Datasets/Mask_Database/label_adult/POLYIC_20190531_polyic_m__E3_P1_6.nii.gz,/Users/estebanfelixmoran/Desktop/Purdue/Medical_Imaging/3D-Medical-Segment-Anything/outputs/mouse_external_evaluation/native_predictions/POLYIC_20190531_polyic_m__E3_P1_6_prediction.nii.gz
POLYIC_20190531_polyic_m__E3_P1_7,anonymous-POLYIC_20190531_polyic_m__E3_P1_7,20190531,original_geometry_valid,0.9007064443417598,0.8193502451760659,0.8407902863891182,0.9698172877288406,21137,3474,4.31856465228311,115099,460.39612348783356,460.39612348783356,531.0481424381771,15.34591959964898,9.782442958000047,38,0.10000000149011612,0.10000000149011612,0.40000009536743164,0.20000003278255463,/Users/estebanfelixmoran/Desktop/Purdue/Medical_Imaging/Datasets/Image_Database/src_adult/POLYIC_20190531_polyic_m__E3_P1_7.nii.gz,/Users/estebanfelixmoran/Desktop/Purdue/Medical_Imaging/Datasets/Mask_Database/label_adult/POLYIC_20190531_polyic_m__E3_P1_7.nii.gz,/Users/estebanfelixmoran/Desktop/Purdue/Medical_Imaging/3D-Medical-Segment-Anything/outputs/mouse_external_evaluation/native_predictions/POLYIC_20190531_polyic_m__E3_P1_7_prediction.nii.gz
POLYIC_20190531_polyic_m__E3_P1_8,anonymous-POLYIC_20190531_polyic_m__E3_P1_8,20190531,original_geometry_valid,0.8905911643360118,0.8027619176218166,0.827840667632976,0.9636348917984102,22280,4043,4.253234127005474,111178,444.7120198801759,444.7120198801759,517.6600231412057,16.403425138066886,9.669421291999925,38,0.10000000149011612,0.10000000149011612,0.4000000059604645,0.20000000298023224,/Users/estebanfelixmoran/Desktop/Purdue/Medical_Imaging/Datasets/Image_Database/src_adult/POLYIC_20190531_polyic_m__E3_P1_8.nii.gz,/Users/estebanfelixmoran/Desktop/Purdue/Medical_Imaging/Datasets/Mask_Database/label_adult/POLYIC_20190531_polyic_m__E3_P1_8.nii.gz,/Users/estebanfelixmoran/Desktop/Purdue/Medical_Imaging/3D-Medical-Segment-Anything/outputs/mouse_external_evaluation/native_predictions/POLYIC_20190531_polyic_m__E3_P1_8_prediction.nii.gz
POLYIC_20190531_polyic_m__E3_P1_9,anonymous-POLYIC_20190531_polyic_m__E3_P1_9,20190531,original_geometry_valid,0.833682470885057,0.7147988863101726,0.7277524677469153,0.9757036936514274,43026,2864,6.232976915515235,117878,471.51212646937716,471.51212646937716,632.1601695585297,34.07081898233766,9.513819125000055,38,0.10000000149011612,0.10000000149011612,0.40000009536743164,0.20000003278255463,/Users/estebanfelixmoran/Desktop/Purdue/Medical_Imaging/Datasets/Image_Database/src_adult/POLYIC_20190531_polyic_m__E3_P1_9.nii.gz,/Users/estebanfelixmoran/Desktop/Purdue/Medical_Imaging/Datasets/Mask_Database/label_adult/POLYIC_20190531_polyic_m__E3_P1_9.nii.gz,/Users/estebanfelixmoran/Desktop/Purdue/Medical_Imaging/3D-Medical-Segment-Anything/outputs/mouse_external_evaluation/native_predictions/POLYIC_20190531_polyic_m__E3_P1_9_prediction.nii.gz
POLYIC_20190531_polyic_m__E5_P1_11,anonymous-POLYIC_20190531_polyic_m__E5_P1_11,20190531,original_geometry_valid,0.9068520357533094,0.829578488384002,0.8423039264490143,0.9821141977876773,22226,2162,3.6878178249398594,120878,483.5119855902187,483.5119855902187,563.7679831984034,16.598553913863558,9.844116999999983,38,0.10000000149011612,0.10000000149011612,0.3999999761581421,0.19999999304612479,/Users/estebanfelixmoran/Desktop/Purdue/Medical_Imaging/Datasets/Image_Database/src_adult/POLYIC_20190531_polyic_m__E5_P1_11.nii.gz,/Users/estebanfelixmoran/Desktop/Purdue/Medical_Imaging/Datasets/Mask_Database/label_adult/POLYIC_20190531_polyic_m__E5_P1_11.nii.gz,/Users/estebanfelixmoran/Desktop/Purdue/Medical_Imaging/3D-Medical-Segment-Anything/outputs/mouse_external_evaluation/native_predictions/POLYIC_20190531_polyic_m__E5_P1_11_prediction.nii.gz
POLYIC_20190612_polyic___E10_P1_1,anonymous-POLYIC_20190612_polyic___E10_P1_1,20190612,original_geometry_valid,0.9242397842802639,0.8591503671361795,0.8835254086815786,0.9688878064930384,14685,3577,4.341658733914238,114971,459.8841233505044,459.8841233505044,504.3161352680959,9.661566829896245,9.599623874999907,38,0.10000000149011612,0.10000000149011612,0.40000009536743164,0.20000003278255463,/Users/estebanfelixmoran/Desktop/Purdue/Medical_Imaging/Datasets/Image_Database/src_adult/POLYIC_20190612_polyic___E10_P1_1.nii.gz,/Users/estebanfelixmoran/Desktop/Purdue/Medical_Imaging/Datasets/Mask_Database/label_adult/POLYIC_20190612_polyic___E10_P1_1.nii.gz,/Users/estebanfelixmoran/Desktop/Purdue/Medical_Imaging/3D-Medical-Segment-Anything/outputs/mouse_external_evaluation/native_predictions/POLYIC_20190612_polyic___E10_P1_1_prediction.nii.gz
POLYIC_20190612_polyic___E12_P1,anonymous-POLYIC_20190612_polyic___E12_P1,20190612,original_geometry_valid,0.8926921811378451,0.8061824959052755,0.8301511866123057,0.9654242232562364,22480,3935,5.219195424904192,113808,455.2321221027408,455.2321221027408,529.4121419993678,16.294988050049206,9.762901249999913,38,0.10000000149011612,0.10000000149011612,0.40000009536743164,0.20000003278255463,/Users/estebanfelixmoran/Desktop/Purdue/Medical_Imaging/Datasets/Image_Database/src_adult/POLYIC_20190612_polyic___E12_P1.nii.gz,/Users/estebanfelixmoran/Desktop/Purdue/Medical_Imaging/Datasets/Mask_Database/label_adult/POLYIC_20190612_polyic___E12_P1.nii.gz,/Users/estebanfelixmoran/Desktop/Purdue/Medical_Imaging/3D-Medical-Segment-Anything/outputs/mouse_external_evaluation/native_predictions/POLYIC_20190612_polyic___E12_P1_prediction.nii.gz
POLYIC_20190612_polyic___E3_P1,anonymous-POLYIC_20190612_polyic___E3_P1,20190612,original_geometry_valid,0.871374785732806,0.7720674451770082,0.7902250045765743,0.9710988641386927,29890,3351,4.318564693136939,115947,463.7886772760352,463.7886772760352,569.9448322971111,22.88890613814932,9.825340708999988,38,0.10000000149011612,0.10000000149011612,0.40000057220458984,0.20000019172827402,/Users/estebanfelixmoran/Desktop/Purdue/Medical_Imaging/Datasets/Image_Database/src_adult/POLYIC_20190612_polyic___E3_P1.nii.gz,/Users/estebanfelixmoran/Desktop/Purdue/Medical_Imaging/Datasets/Mask_Database/label_adult/POLYIC_20190612_polyic___E3_P1.nii.gz,/Users/estebanfelixmoran/Desktop/Purdue/Medical_Imaging/3D-Medical-Segment-Anything/outputs/mouse_external_evaluation/native_predictions/POLYIC_20190612_polyic___E3_P1_prediction.nii.gz
POLYIC_20190612_polyic___E3_P1_1,anonymous-POLYIC_20190612_polyic___E3_P1_1,20190612,original_geometry_valid,0.8952593777615728,0.8103797033872214,0.8289101986723794,0.9731544225759964,22409,2995,5.798275716802058,111564,446.2561196951899,446.2561196951899,523.9121405241527,17.401670789860514,9.651204333999999,38,0.10000000149011612,0.10000000149011612,0.40000009536743164,0.20000003278255463,/Users/estebanfelixmoran/Desktop/Purdue/Medical_Imaging/Datasets/Image_Database/src_adult/POLYIC_20190612_polyic___E3_P1_1.nii.gz,/Users/estebanfelixmoran/Desktop/Purdue/Medical_Imaging/Datasets/Mask_Database/label_adult/POLYIC_20190612_polyic___E3_P1_1.nii.gz,/Users/estebanfelixmoran/Desktop/Purdue/Medical_Imaging/3D-Medical-Segment-Anything/outputs/mouse_external_evaluation/native_predictions/POLYIC_20190612_polyic___E3_P1_1_prediction.nii.gz
POLYIC_20190612_polyic___E3_P1_2,anonymous-POLYIC_20190612_polyic___E3_P1_2,20190612,original_geometry_valid,0.8839693002738596,0.7920653979313621,0.8115777609297292,0.9705400405276592,25577,3344,4.418144472710386,113510,454.04012178302145,454.04012178302145,542.9721456364433,19.586820544445423,9.848275959000034,38,0.10000000149011612,0.10000000149011612,0.40000009536743164,0.20000003278255463,/Users/estebanfelixmoran/Desktop/Purdue/Medical_Imaging/Datasets/Image_Database/src_adult/POLYIC_20190612_polyic___E3_P1_2.nii.gz,/Users/estebanfelixmoran/Desktop/Purdue/Medical_Imaging/Datasets/Mask_Database/label_adult/POLYIC_20190612_polyic___E3_P1_2.nii.gz,/Users/estebanfelixmoran/Desktop/Purdue/Medical_Imaging/3D-Medical-Segment-Anything/outputs/mouse_external_evaluation/native_predictions/POLYIC_20190612_polyic___E3_P1_2_prediction.nii.gz
POLYIC_20190612_polyic___E3_P1_3,anonymous-POLYIC_20190612_polyic___E3_P1_3,20190612,original_geometry_valid,0.9101631593427122,0.8351370823551407,0.8532892185303363,0.9751601114470493,18535,2746,3.9875428398042043,110548,442.19211860514014,442.19211860514014,505.34813554489983,14.28248362702174,9.629777665999995,38,0.10000000149011612,0.10000000149011612,0.40000009536743164,0.20000003278255463,/Users/estebanfelixmoran/Desktop/Purdue/Medical_Imaging/Datasets/Image_Database/src_adult/POLYIC_20190612_polyic___E3_P1_3.nii.gz,/Users/estebanfelixmoran/Desktop/Purdue/Medical_Imaging/Datasets/Mask_Database/label_adult/POLYIC_20190612_polyic___E3_P1_3.nii.gz,/Users/estebanfelixmoran/Desktop/Purdue/Medical_Imaging/3D-Medical-Segment-Anything/outputs/mouse_external_evaluation/native_predictions/POLYIC_20190612_polyic___E3_P1_3_prediction.nii.gz
POLYIC_20190612_polyic___E3_P1_4,anonymous-POLYIC_20190612_polyic___E3_P1_4,20190612,original_geometry_valid,0.9076915371426076,0.8309846238627622,0.8515690466797008,0.9717334381923223,18953,3163,4.588027998327955,111899,447.59612005460593,447.59612005460593,510.7561369954385,14.110939329216519,9.655114167000079,38,0.10000000149011612,0.10000000149011612,0.40000009536743164,0.20000003278255463,/Users/estebanfelixmoran/Desktop/Purdue/Medical_Imaging/Datasets/Image_Database/src_adult/POLYIC_20190612_polyic___E3_P1_4.nii.gz,/Users/estebanfelixmoran/Desktop/Purdue/Medical_Imaging/Datasets/Mask_Database/label_adult/POLYIC_20190612_polyic___E3_P1_4.nii.gz,/Users/estebanfelixmoran/Desktop/Purdue/Medical_Imaging/3D-Medical-Segment-Anything/outputs/mouse_external_evaluation/native_predictions/POLYIC_20190612_polyic___E3_P1_4_prediction.nii.gz
POLYIC_20190614_polyic___E3_P1,anonymous-POLYIC_20190614_polyic___E3_P1,20190614,original_geometry_valid,0.8887797186356754,0.7998231615718783,0.8177596325726126,0.9733088056668192,24997,3076,5.028916500099484,115244,460.97612364340165,460.97612364340165,548.6601471620838,19.021380722640664,9.655566790999956,38,0.10000000149011612,0.10000000149011612,0.40000009536743164,0.20000003278255463,/Users/estebanfelixmoran/Desktop/Purdue/Medical_Imaging/Datasets/Image_Database/src_adult/POLYIC_20190614_polyic___E3_P1.nii.gz,/Users/estebanfelixmoran/Desktop/Purdue/Medical_Imaging/Datasets/Mask_Database/label_adult/POLYIC_20190614_polyic___E3_P1.nii.gz,/Users/estebanfelixmoran/Desktop/Purdue/Medical_Imaging/3D-Medical-Segment-Anything/outputs/mouse_external_evaluation/native_predictions/POLYIC_20190614_polyic___E3_P1_prediction.nii.gz
POLYIC_20190614_polyic___E3_P1_1,anonymous-POLYIC_20190614_polyic___E3_P1_1,20190614,original_geometry_valid,0.8188347226094709,0.693243137344328,0.7082265694473597,0.9703859364871268,47370,3509,6.171708511256353,118491,473.96356211792084,473.96356211792084,649.4074000301177,37.01631347528504,9.822263249999992,38,0.10000000149011612,0.10000000149011612,0.39999961853027344,0.19999987383683523,/Users/estebanfelixmoran/Desktop/Purdue/Medical_Imaging/Datasets/Image_Database/src_adult/POLYIC_20190614_polyic___E3_P1_1.nii.gz,/Users/estebanfelixmoran/Desktop/Purdue/Medical_Imaging/Datasets/Mask_Database/label_adult/POLYIC_20190614_polyic___E3_P1_1.nii.gz,/Users/estebanfelixmoran/Desktop/Purdue/Medical_Imaging/3D-Medical-Segment-Anything/outputs/mouse_external_evaluation/native_predictions/POLYIC_20190614_polyic___E3_P1_1_prediction.nii.gz
POLYIC_20190614_polyic___E3_P1_3,anonymous-POLYIC_20190614_polyic___E3_P1_3,20190614,original_geometry_valid,0.8665725898372554,0.7645594081066733,0.7763087721293722,0.9805886609186214,33974,2334,4.300000064074993,120239,480.95612900245544,480.95612900245544,607.5161629484936,26.314257437270758,9.63536770799999,38,0.10000000149011612,0.10000000149011612,0.40000009536743164,0.20000003278255463,/Users/estebanfelixmoran/Desktop/Purdue/Medical_Imaging/Datasets/Image_Database/src_adult/POLYIC_20190614_polyic___E3_P1_3.nii.gz,/Users/estebanfelixmoran/Desktop/Purdue/Medical_Imaging/Datasets/Mask_Database/label_adult/POLYIC_20190614_polyic___E3_P1_3.nii.gz,/Users/estebanfelixmoran/Desktop/Purdue/Medical_Imaging/3D-Medical-Segment-Anything/outputs/mouse_external_evaluation/native_predictions/POLYIC_20190614_polyic___E3_P1_3_prediction.nii.gz
POLYIC_20190614_polyic___E3_P1_4,anonymous-POLYIC_20190614_polyic___E3_P1_4,20190614,original_geometry_valid,0.8920168607815886,0.8050816201212294,0.8185441868988943,0.9799800465596957,26130,2408,4.34626286009811,120280,481.12012904644365,481.12012904644365,576.0081544973892,19.72231459926837,9.556454250000002,38,0.10000000149011612,0.10000000149011612,0.40000009536743164,0.20000003278255463,/Users/estebanfelixmoran/Desktop/Purdue/Medical_Imaging/Datasets/Image_Database/src_adult/POLYIC_20190614_polyic___E3_P1_4.nii.gz,/Users/estebanfelixmoran/Desktop/Purdue/Medical_Imaging/Datasets/Mask_Database/label_adult/POLYIC_20190614_polyic___E3_P1_4.nii.gz,/Users/estebanfelixmoran/Desktop/Purdue/Medical_Imaging/3D-Medical-Segment-Anything/outputs/mouse_external_evaluation/native_predictions/POLYIC_20190614_polyic___E3_P1_4_prediction.nii.gz
POLYIC_20190614_polyic___E3_P1_5,anonymous-POLYIC_20190614_polyic___E3_P1_5,20190614,original_geometry_valid,0.8626319447867614,0.7584457298959335,0.7746238650795365,0.9732011780928794,31053,2939,4.360045988236567,109669,438.67664060463403,438.67664060463403,551.1328048256872,25.63532082904012,9.562601125000015,38,0.10000000149011612,0.10000000149011612,0.40000057220458984,0.20000019172827402,/Users/estebanfelixmoran/Desktop/Purdue/Medical_Imaging/Datasets/Image_Database/src_adult/POLYIC_20190614_polyic___E3_P1_5.nii.gz,/Users/estebanfelixmoran/Desktop/Purdue/Medical_Imaging/Datasets/Mask_Database/label_adult/POLYIC_20190614_polyic___E3_P1_5.nii.gz,/Users/estebanfelixmoran/Desktop/Purdue/Medical_Imaging/3D-Medical-Segment-Anything/outputs/mouse_external_evaluation/native_predictions/POLYIC_20190614_polyic___E3_P1_5_prediction.nii.gz
POLYIC_20190614_polyic___E3_P1_6,anonymous-POLYIC_20190614_polyic___E3_P1_6,20190614,original_geometry_valid,0.9172105355795749,0.8470811415557863,0.8713895864694421,0.9681178198179047,16542,3691,4.649731313533768,115770,463.08012420773844,463.08012420773844,514.484137995366,11.100457804267084,9.63350345799995,38,0.10000000149011612,0.10000000149011612,0.40000009536743164,0.20000003278255463,/Users/estebanfelixmoran/Desktop/Purdue/Medical_Imaging/Datasets/Image_Database/src_adult/POLYIC_20190614_polyic___E3_P1_6.nii.gz,/Users/estebanfelixmoran/Desktop/Purdue/Medical_Imaging/Datasets/Mask_Database/label_adult/POLYIC_20190614_polyic___E3_P1_6.nii.gz,/Users/estebanfelixmoran/Desktop/Purdue/Medical_Imaging/3D-Medical-Segment-Anything/outputs/mouse_external_evaluation/native_predictions/POLYIC_20190614_polyic___E3_P1_6_prediction.nii.gz
POLYIC_20190614_polyic___E4_P1_5,anonymous-POLYIC_20190614_polyic___E4_P1_5,20190614,original_geometry_valid,0.8561862962354027,0.7485364910623584,0.7658623771384032,0.9706640152195518,34322,3393,5.3758721023929805,115660,462.64012408972127,462.64012408972127,586.3561572729392,26.741310738371077,9.759123749999958,38,0.10000000149011612,0.10000000149011612,0.40000009536743164,0.20000003278255463,/Users/estebanfelixmoran/Desktop/Purdue/Medical_Imaging/Datasets/Image_Database/src_adult/POLYIC_20190614_polyic___E4_P1_5.nii.gz,/Users/estebanfelixmoran/Desktop/Purdue/Medical_Imaging/Datasets/Mask_Database/label_adult/POLYIC_20190614_polyic___E4_P1_5.nii.gz,/Users/estebanfelixmoran/Desktop/Purdue/Medical_Imaging/3D-Medical-Segment-Anything/outputs/mouse_external_evaluation/native_predictions/POLYIC_20190614_polyic___E4_P1_5_prediction.nii.gz
POLYIC_20190618_mouse30__E3_P1,mouse-30,20190618,original_geometry_valid,0.8756842879370993,0.7788597798205836,0.7991454903514119,0.968437127266379,26937,3493,4.820788322346862,110668,442.6719208440754,442.6719208440754,536.4479040756192,21.184082119492523,9.77028641600009,38,0.10000000149011612,0.10000000149011612,0.3999999165534973,0.19999997317790985,/Users/estebanfelixmoran/Desktop/Purdue/Medical_Imaging/Datasets/Image_Database/src_adult/POLYIC_20190618_mouse30__E3_P1.nii.gz,/Users/estebanfelixmoran/Desktop/Purdue/Medical_Imaging/Datasets/Mask_Database/label_adult/POLYIC_20190618_mouse30__E3_P1.nii.gz,/Users/estebanfelixmoran/Desktop/Purdue/Medical_Imaging/3D-Medical-Segment-Anything/outputs/mouse_external_evaluation/native_predictions/POLYIC_20190618_mouse30__E3_P1_prediction.nii.gz
POLYIC_20190618_mouse31__E3_P1,mouse-31,20190618,original_geometry_valid,0.9016734033992856,0.8209519884132581,0.8389205207976563,0.9745733833150215,21416,2910,4.97342946341041,114447,457.7881227883134,457.7881227883134,531.812142643098,16.169930186024988,9.802400041000055,38,0.10000000149011612,0.10000000149011612,0.40000009536743164,0.20000003278255463,/Users/estebanfelixmoran/Desktop/Purdue/Medical_Imaging/Datasets/Image_Database/src_adult/POLYIC_20190618_mouse31__E3_P1.nii.gz,/Users/estebanfelixmoran/Desktop/Purdue/Medical_Imaging/Datasets/Mask_Database/label_adult/POLYIC_20190618_mouse31__E3_P1.nii.gz,/Users/estebanfelixmoran/Desktop/Purdue/Medical_Imaging/3D-Medical-Segment-Anything/outputs/mouse_external_evaluation/native_predictions/POLYIC_20190618_mouse31__E3_P1_prediction.nii.gz
POLYIC_20190618_mouse32__E3_P1,mouse-32,20190618,original_geometry_valid,0.911735172599066,0.8377879626811131,0.8580147941707901,0.9726317268289302,18331,3117,4.657252317018663,113891,455.5637827701501,455.5637827701501,516.4197537517471,13.358386527469237,10.126725792000002,38,0.10000000149011612,0.10000000149011612,0.39999979734420776,0.19999993344148,/Users/estebanfelixmoran/Desktop/Purdue/Medical_Imaging/Datasets/Image_Database/src_adult/POLYIC_20190618_mouse32__E3_P1.nii.gz,/Users/estebanfelixmoran/Desktop/Purdue/Medical_Imaging/Datasets/Mask_Database/label_adult/POLYIC_20190618_mouse32__E3_P1.nii.gz,/Users/estebanfelixmoran/Desktop/Purdue/Medical_Imaging/3D-Medical-Segment-Anything/outputs/mouse_external_evaluation/native_predictions/POLYIC_20190618_mouse32__E3_P1_prediction.nii.gz
POLYIC_20190618_mouse33__E3_P1,mouse-33,20190618,original_geometry_valid,0.9084821428609827,0.8323108384586996,0.8537339326666876,0.9707332819279152,18548,3264,4.455333948378741,111526,446.1041196544203,446.1041196544203,507.24013605237377,13.704427667091082,10.190229499999987,38,0.10000000149011612,0.10000000149011612,0.40000009536743164,0.20000003278255463,/Users/estebanfelixmoran/Desktop/Purdue/Medical_Imaging/Datasets/Image_Database/src_adult/POLYIC_20190618_mouse33__E3_P1.nii.gz,/Users/estebanfelixmoran/Desktop/Purdue/Medical_Imaging/Datasets/Mask_Database/label_adult/POLYIC_20190618_mouse33__E3_P1.nii.gz,/Users/estebanfelixmoran/Desktop/Purdue/Medical_Imaging/3D-Medical-Segment-Anything/outputs/mouse_external_evaluation/native_predictions/POLYIC_20190618_mouse33__E3_P1_prediction.nii.gz
POLYIC_20190618_mouse34__E3_P1,mouse-34,20190618,original_geometry_valid,0.8868881291344682,0.7967645951463933,0.8105410216686165,0.979113550788993,25224,2302,4.754471683930118,110215,440.8601839411311,440.8601839411311,532.5482221963468,20.797532096357116,9.816923332999977,38,0.10000000149011612,0.10000000149011612,0.4000001549720764,0.20000005265076956,/Users/estebanfelixmoran/Desktop/Purdue/Medical_Imaging/Datasets/Image_Database/src_adult/POLYIC_20190618_mouse34__E3_P1.nii.gz,/Users/estebanfelixmoran/Desktop/Purdue/Medical_Imaging/Datasets/Mask_Database/label_adult/POLYIC_20190618_mouse34__E3_P1.nii.gz,/Users/estebanfelixmoran/Desktop/Purdue/Medical_Imaging/3D-Medical-Segment-Anything/outputs/mouse_external_evaluation/native_predictions/POLYIC_20190618_mouse34__E3_P1_prediction.nii.gz
POLYIC_20190618_mouse35__E3_P1,mouse-35,20190618,original_geometry_valid,0.869619754441708,0.76931612868153,0.7871668340839363,0.971366984015505,29242,3188,5.459853571472559,111340,445.36008627295723,445.36008627295723,549.5761064611702,23.400395185917017,9.547945208999977,38,0.10000000149011612,0.10000000149011612,0.40000006556510925,0.20000002284844717,/Users/estebanfelixmoran/Desktop/Purdue/Medical_Imaging/Datasets/Image_Database/src_adult/POLYIC_20190618_mouse35__E3_P1.nii.gz,/Users/estebanfelixmoran/Desktop/Purdue/Medical_Imaging/Datasets/Mask_Database/label_adult/POLYIC_20190618_mouse35__E3_P1.nii.gz,/Users/estebanfelixmoran/Desktop/Purdue/Medical_Imaging/3D-Medical-Segment-Anything/outputs/mouse_external_evaluation/native_predictions/POLYIC_20190618_mouse35__E3_P1_prediction.nii.gz
POLYIC_20190618_mouse36__E3_P1,mouse-36,20190618,original_geometry_valid,0.8831596657156521,0.7907662703548142,0.8077215535065695,0.9741406905643246,26804,2989,4.700000070035458,115587,462.34784843050954,462.34784843050954,557.6078172018471,20.60352807841713,9.733662666999976,38,0.10000000149011612,0.10000000149011612,0.39999985694885254,0.19999995330969492,/Users/estebanfelixmoran/Desktop/Purdue/Medical_Imaging/Datasets/Image_Database/src_adult/POLYIC_20190618_mouse36__E3_P1.nii.gz,/Users/estebanfelixmoran/Desktop/Purdue/Medical_Imaging/Datasets/Mask_Database/label_adult/POLYIC_20190618_mouse36__E3_P1.nii.gz,/Users/estebanfelixmoran/Desktop/Purdue/Medical_Imaging/3D-Medical-Segment-Anything/outputs/mouse_external_evaluation/native_predictions/POLYIC_20190618_mouse36__E3_P1_prediction.nii.gz
POLYIC_20190619_mouse38__E3_P1,mouse-38,20190619,original_geometry_valid,0.862456151469967,0.7581739838811772,0.7737121018545087,0.9741954526775732,31855,2885,5.700000082845228,111802,447.2079866721623,447.2079866721623,563.087983218669,25.911879930591592,9.757696375000023,38,0.10000000149011612,0.10000000149011612,0.3999999761581421,0.19999999304612479,/Users/estebanfelixmoran/Desktop/Purdue/Medical_Imaging/Datasets/Image_Database/src_adult/POLYIC_20190619_mouse38__E3_P1.nii.gz,/Users/estebanfelixmoran/Desktop/Purdue/Medical_Imaging/Datasets/Mask_Database/label_adult/POLYIC_20190619_mouse38__E3_P1.nii.gz,/Users/estebanfelixmoran/Desktop/Purdue/Medical_Imaging/3D-Medical-Segment-Anything/outputs/mouse_external_evaluation/native_predictions/POLYIC_20190619_mouse38__E3_P1_prediction.nii.gz
POLYIC_20190619_mouse39__E3_P1,mouse-39,20190619,original_geometry_valid,0.9030055575406195,0.8231632928998559,0.8455673785591117,0.9688158268088612,20580,3627,4.725462950154344,116309,465.2358128209652,465.2358128209652,533.0477855380707,14.575828181826001,9.920858959000043,38,0.10000000149011612,0.10000000149011612,0.39999982714653015,0.19999994337558746,/Users/estebanfelixmoran/Desktop/Purdue/Medical_Imaging/Datasets/Image_Database/src_adult/POLYIC_20190619_mouse39__E3_P1.nii.gz,/Users/estebanfelixmoran/Desktop/Purdue/Medical_Imaging/Datasets/Mask_Database/label_adult/POLYIC_20190619_mouse39__E3_P1.nii.gz,/Users/estebanfelixmoran/Desktop/Purdue/Medical_Imaging/3D-Medical-Segment-Anything/outputs/mouse_external_evaluation/native_predictions/POLYIC_20190619_mouse39__E3_P1_prediction.nii.gz
POLYIC_20190619_mouse40__E3_P1,mouse-40,20190619,original_geometry_valid,0.8984459993858488,0.8156168457400533,0.8357057505723895,0.9713712792670621,21999,3298,4.321109734480356,115199,460.7955742834676,460.7955742834676,535.5995051741448,16.233647861526574,9.801106833000063,38,0.10000000149011612,0.10000000149011612,0.39999961853027344,0.19999987383683523,/Users/estebanfelixmoran/Desktop/Purdue/Medical_Imaging/Datasets/Image_Database/src_adult/POLYIC_20190619_mouse40__E3_P1.nii.gz,/Users/estebanfelixmoran/Desktop/Purdue/Medical_Imaging/Datasets/Mask_Database/label_adult/POLYIC_20190619_mouse40__E3_P1.nii.gz,/Users/estebanfelixmoran/Desktop/Purdue/Medical_Imaging/3D-Medical-Segment-Anything/outputs/mouse_external_evaluation/native_predictions/POLYIC_20190619_mouse40__E3_P1_prediction.nii.gz
POLYIC_20190619_mouse41__E3_P1,mouse-41,20190619,original_geometry_valid,0.8489232103920142,0.7375035428269368,0.7570035373230849,0.9662508861386211,36752,3999,5.953990371389146,118492,473.9681271281277,473.9681271281277,604.9801622682854,27.641528542011276,9.936080958000048,38,0.10000000149011612,0.10000000149011612,0.40000009536743164,0.20000003278255463,/Users/estebanfelixmoran/Desktop/Purdue/Medical_Imaging/Datasets/Image_Database/src_adult/POLYIC_20190619_mouse41__E3_P1.nii.gz,/Users/estebanfelixmoran/Desktop/Purdue/Medical_Imaging/Datasets/Mask_Database/label_adult/POLYIC_20190619_mouse41__E3_P1.nii.gz,/Users/estebanfelixmoran/Desktop/Purdue/Medical_Imaging/3D-Medical-Segment-Anything/outputs/mouse_external_evaluation/native_predictions/POLYIC_20190619_mouse41__E3_P1_prediction.nii.gz
POLYIC_20190619_mouse42__E3_P1,mouse-42,20190619,original_geometry_valid,0.8617063109656615,0.7570158029304811,0.7749471275682178,0.9703407857633739,32456,3416,5.072031053004688,115175,460.6997459962885,460.6997459962885,576.8596819522878,25.21380507922726,9.708628667000085,38,0.10000000149011612,0.10000000149011612,0.3999997675418854,0.19999992350737253,/Users/estebanfelixmoran/Desktop/Purdue/Medical_Imaging/Datasets/Image_Database/src_adult/POLYIC_20190619_mouse42__E3_P1.nii.gz,/Users/estebanfelixmoran/Desktop/Purdue/Medical_Imaging/Datasets/Mask_Database/label_adult/POLYIC_20190619_mouse42__E3_P1.nii.gz,/Users/estebanfelixmoran/Desktop/Purdue/Medical_Imaging/3D-Medical-Segment-Anything/outputs/mouse_external_evaluation/native_predictions/POLYIC_20190619_mouse42__E3_P1_prediction.nii.gz
POLYIC_20190619_mouse43__E3_P1,mouse-43,20190619,original_geometry_valid,0.9211857018339864,0.8538871828133854,0.8692393987084558,0.9797353114743542,17484,2404,0.9380831278199587,118630,474.519915149209,474.519915149209,534.8399043631521,12.711792969737832,9.832512124999994,38,0.10000000149011612,0.10000000149011612,0.3999999165534973,0.19999997317790985,/Users/estebanfelixmoran/Desktop/Purdue/Medical_Imaging/Datasets/Image_Database/src_adult/POLYIC_20190619_mouse43__E3_P1.nii.gz,/Users/estebanfelixmoran/Desktop/Purdue/Medical_Imaging/Datasets/Mask_Database/label_adult/POLYIC_20190619_mouse43__E3_P1.nii.gz,/Users/estebanfelixmoran/Desktop/Purdue/Medical_Imaging/3D-Medical-Segment-Anything/outputs/mouse_external_evaluation/native_predictions/POLYIC_20190619_mouse43__E3_P1_prediction.nii.gz
POLYIC_20190619_mouse44__E4_P1,mouse-44,20190619,original_geometry_valid,0.9052305030221157,0.8268685833207408,0.843657152831006,0.9764991760017069,21522,2795,3.8209947168046163,118932,475.72809215569737,475.72809215569737,550.6361066665081,15.74597248848081,9.68524391599999,38,0.10000000149011612,0.10000000149011612,0.40000006556510925,0.20000002284844717,/Users/estebanfelixmoran/Desktop/Purdue/Medical_Imaging/Datasets/Image_Database/src_adult/POLYIC_20190619_mouse44__E4_P1.nii.gz,/Users/estebanfelixmoran/Desktop/Purdue/Medical_Imaging/Datasets/Mask_Database/label_adult/POLYIC_20190619_mouse44__E4_P1.nii.gz,/Users/estebanfelixmoran/Desktop/Purdue/Medical_Imaging/3D-Medical-Segment-Anything/outputs/mouse_external_evaluation/native_predictions/POLYIC_20190619_mouse44__E4_P1_prediction.nii.gz
POLYIC_20190628_mouse30__E4_P1,mouse-30,20190628,original_geometry_valid,0.8870949536211348,0.7970985094514742,0.8145642994384211,0.9738047379121069,24153,2854,4.2720019363165544,108951,435.8038571323111,435.8038571323111,520.999829202885,19.549155124780878,9.921405791999973,38,0.10000000149011612,0.10000000149011612,0.39999985694885254,0.19999995330969492,/Users/estebanfelixmoran/Desktop/Purdue/Medical_Imaging/Datasets/Image_Database/src_adult/POLYIC_20190628_mouse30__E4_P1.nii.gz,/Users/estebanfelixmoran/Desktop/Purdue/Medical_Imaging/Datasets/Mask_Database/label_adult/POLYIC_20190628_mouse30__E4_P1.nii.gz,/Users/estebanfelixmoran/Desktop/Purdue/Medical_Imaging/3D-Medical-Segment-Anything/outputs/mouse_external_evaluation/native_predictions/POLYIC_20190628_mouse30__E4_P1_prediction.nii.gz
POLYIC_20190628_mouse31__E3_P1,mouse-31,20190628,original_geometry_valid,0.8809244773969123,0.7871894788263037,0.8071333271636404,0.9695658136092866,27032,3551,5.163332334309881,116678,466.7120208636525,466.7120208636525,560.6360250623826,20.12461646582904,9.959861250000017,38,0.10000000149011612,0.10000000149011612,0.4000000059604645,0.20000000298023224,/Users/estebanfelixmoran/Desktop/Purdue/Medical_Imaging/Datasets/Image_Database/src_adult/POLYIC_20190628_mouse31__E3_P1.nii.gz,/Users/estebanfelixmoran/Desktop/Purdue/Medical_Imaging/Datasets/Mask_Database/label_adult/POLYIC_20190628_mouse31__E3_P1.nii.gz,/Users/estebanfelixmoran/Desktop/Purdue/Medical_Imaging/3D-Medical-Segment-Anything/outputs/mouse_external_evaluation/native_predictions/POLYIC_20190628_mouse31__E3_P1_prediction.nii.gz
POLYIC_20190628_mouse32__E3_P1,mouse-32,20190628,original_geometry_valid,0.9189469695755034,0.8500480029373183,0.8687884994378372,0.9752519822038715,16849,2831,6.806651440576289,114393,457.5721227303777,457.5721227303777,513.6441377700605,12.254246326261224,9.714112457999931,38,0.10000000149011612,0.10000000149011612,0.40000009536743164,0.20000003278255463,/Users/estebanfelixmoran/Desktop/Purdue/Medical_Imaging/Datasets/Image_Database/src_adult/POLYIC_20190628_mouse32__E3_P1.nii.gz,/Users/estebanfelixmoran/Desktop/Purdue/Medical_Imaging/Datasets/Mask_Database/label_adult/POLYIC_20190628_mouse32__E3_P1.nii.gz,/Users/estebanfelixmoran/Desktop/Purdue/Medical_Imaging/3D-Medical-Segment-Anything/outputs/mouse_external_evaluation/native_predictions/POLYIC_20190628_mouse32__E3_P1_prediction.nii.gz
POLYIC_20190628_mouse33__E3_P1,mouse-33,20190628,original_geometry_valid,0.9201351334455213,0.8520835911511506,0.8748659959282719,0.970344730401245,15758,3367,4.119466046194023,113538,454.15202030217677,454.15202030217677,503.71602251786027,10.913526748753723,9.976462625000067,38,0.10000000149011612,0.10000000149011612,0.4000000059604645,0.20000000298023224,/Users/estebanfelixmoran/Desktop/Purdue/Medical_Imaging/Datasets/Image_Database/src_adult/POLYIC_20190628_mouse33__E3_P1.nii.gz,/Users/estebanfelixmoran/Desktop/Purdue/Medical_Imaging/Datasets/Mask_Database/label_adult/POLYIC_20190628_mouse33__E3_P1.nii.gz,/Users/estebanfelixmoran/Desktop/Purdue/Medical_Imaging/3D-Medical-Segment-Anything/outputs/mouse_external_evaluation/native_predictions/POLYIC_20190628_mouse33__E3_P1_prediction.nii.gz
POLYIC_20190628_mouse34__E6_P1,mouse-34,20190628,original_geometry_valid,0.8913023840266693,0.8039183734081021,0.8225873686100161,0.9725440648070697,23408,3064,4.638965471023252,111597,446.3882527645899,446.3882527645899,527.7642988432732,18.229880731560897,10.01111820799997,38,0.10000000149011612,0.10000000149011612,0.4000002145767212,0.20000007251898447,/Users/estebanfelixmoran/Desktop/Purdue/Medical_Imaging/Datasets/Image_Database/src_adult/POLYIC_20190628_mouse34__E6_P1.nii.gz,/Users/estebanfelixmoran/Desktop/Purdue/Medical_Imaging/Datasets/Mask_Database/label_adult/POLYIC_20190628_mouse34__E6_P1.nii.gz,/Users/estebanfelixmoran/Desktop/Purdue/Medical_Imaging/3D-Medical-Segment-Anything/outputs/mouse_external_evaluation/native_predictions/POLYIC_20190628_mouse34__E6_P1_prediction.nii.gz
POLYIC_20190628_mouse35__E3_P1,mouse-35,20190628,original_geometry_valid,0.896309005327274,0.812101403074842,0.8268790861858294,0.9784672074623904,23461,2466,4.541970623134805,114523,458.09188395624983,458.09188395624983,542.0718626824573,18.33256201810989,9.839898750000089,38,0.10000000149011612,0.10000000149011612,0.3999998867511749,0.1999999632438024,/Users/estebanfelixmoran/Desktop/Purdue/Medical_Imaging/Datasets/Image_Database/src_adult/POLYIC_20190628_mouse35__E3_P1.nii.gz,/Users/estebanfelixmoran/Desktop/Purdue/Medical_Imaging/Datasets/Mask_Database/label_adult/POLYIC_20190628_mouse35__E3_P1.nii.gz,/Users/estebanfelixmoran/Desktop/Purdue/Medical_Imaging/3D-Medical-Segment-Anything/outputs/mouse_external_evaluation/native_predictions/POLYIC_20190628_mouse35__E3_P1_prediction.nii.gz
POLYIC_20190628_mouse36__E3_P1,mouse-36,20190628,original_geometry_valid,0.9177095364570723,0.8479327568487885,0.866743638581912,0.9750436462105777,17774,2959,4.006743666893667,118567,474.268021201432,474.268021201432,533.5280238505605,12.495044995656476,9.730577082999957,38,0.10000000149011612,0.10000000149011612,0.4000000059604645,0.20000000298023224,/Users/estebanfelixmoran/Desktop/Purdue/Medical_Imaging/Datasets/Image_Database/src_adult/POLYIC_20190628_mouse36__E3_P1.nii.gz,/Users/estebanfelixmoran/Desktop/Purdue/Medical_Imaging/Datasets/Mask_Database/label_adult/POLYIC_20190628_mouse36__E3_P1.nii.gz,/Users/estebanfelixmoran/Desktop/Purdue/Medical_Imaging/3D-Medical-Segment-Anything/outputs/mouse_external_evaluation/native_predictions/POLYIC_20190628_mouse36__E3_P1_prediction.nii.gz
POLYIC_20190629_polyic_mo__E3_P1,anonymous-POLYIC_20190629_polyic_mo__E3_P1,20190629,original_geometry_valid,0.8615285579680461,0.7567414747265889,0.7750003447052214,0.9698067632876288,32638,3500,5.926297458712947,115920,463.680124368671,463.680124368671,580.2321556303543,25.136300897170457,9.853227790999995,38,0.10000000149011612,0.10000000149011612,0.40000009536743164,0.20000003278255463,/Users/estebanfelixmoran/Desktop/Purdue/Medical_Imaging/Datasets/Image_Database/src_adult/POLYIC_20190629_polyic_mo__E3_P1.nii.gz,/Users/estebanfelixmoran/Desktop/Purdue/Medical_Imaging/Datasets/Mask_Database/label_adult/POLYIC_20190629_polyic_mo__E3_P1.nii.gz,/Users/estebanfelixmoran/Desktop/Purdue/Medical_Imaging/3D-Medical-Segment-Anything/outputs/mouse_external_evaluation/native_predictions/POLYIC_20190629_polyic_mo__E3_P1_prediction.nii.gz
POLYIC_20190629_polyic_mo__E3_P1_1,anonymous-POLYIC_20190629_polyic_mo__E3_P1_1,20190629,original_geometry_valid,0.9092529685430724,0.8336057237166482,0.8445052407287615,0.9847534449769434,21882,1840,3.583015490199763,120683,482.73212947881575,482.73212947881575,562.9001509815496,16.60714433681629,9.679979375000016,38,0.10000000149011612,0.10000000149011612,0.40000009536743164,0.20000003278255463,/Users/estebanfelixmoran/Desktop/Purdue/Medical_Imaging/Datasets/Image_Database/src_adult/POLYIC_20190629_polyic_mo__E3_P1_1.nii.gz,/Users/estebanfelixmoran/Desktop/Purdue/Medical_Imaging/Datasets/Mask_Database/label_adult/POLYIC_20190629_polyic_mo__E3_P1_1.nii.gz,/Users/estebanfelixmoran/Desktop/Purdue/Medical_Imaging/3D-Medical-Segment-Anything/outputs/mouse_external_evaluation/native_predictions/POLYIC_20190629_polyic_mo__E3_P1_1_prediction.nii.gz
POLYIC_20190629_polyic_mo__E3_P1_2,anonymous-POLYIC_20190629_polyic_mo__E3_P1_2,20190629,original_geometry_valid,0.8921688369712896,0.8053292475898259,0.8213218109801266,0.9763921980393012,26300,2923,4.123105732593913,123815,495.2601328390873,495.2601328390873,588.768157919888,18.880587973993453,9.574340792000044,38,0.10000000149011612,0.10000000149011612,0.40000009536743164,0.20000003278255463,/Users/estebanfelixmoran/Desktop/Purdue/Medical_Imaging/Datasets/Image_Database/src_adult/POLYIC_20190629_polyic_mo__E3_P1_2.nii.gz,/Users/estebanfelixmoran/Desktop/Purdue/Medical_Imaging/Datasets/Mask_Database/label_adult/POLYIC_20190629_polyic_mo__E3_P1_2.nii.gz,/Users/estebanfelixmoran/Desktop/Purdue/Medical_Imaging/3D-Medical-Segment-Anything/outputs/mouse_external_evaluation/native_predictions/POLYIC_20190629_polyic_mo__E3_P1_2_prediction.nii.gz
POLYIC_20190629_polyic_mo__E3_P1_3,anonymous-POLYIC_20190629_polyic_mo__E3_P1_3,20190629,original_geometry_valid,0.8892854027435076,0.8006425817649121,0.8184120450581006,0.97359761762356,24881,3041,5.115026938136372,115179,460.71605492162837,460.71605492162837,548.0760653357521,18.96178990961893,9.661170291999952,38,0.10000000149011612,0.10000000149011612,0.40000003576278687,0.2000000129143397,/Users/estebanfelixmoran/Desktop/Purdue/Medical_Imaging/Datasets/Image_Database/src_adult/POLYIC_20190629_polyic_mo__E3_P1_3.nii.gz,/Users/estebanfelixmoran/Desktop/Purdue/Medical_Imaging/Datasets/Mask_Database/label_adult/POLYIC_20190629_polyic_mo__E3_P1_3.nii.gz,/Users/estebanfelixmoran/Desktop/Purdue/Medical_Imaging/3D-Medical-Segment-Anything/outputs/mouse_external_evaluation/native_predictions/POLYIC_20190629_polyic_mo__E3_P1_3_prediction.nii.gz
POLYIC_20190629_polyic_mo__E3_P1_5,anonymous-POLYIC_20190629_polyic_mo__E3_P1_5,20190629,original_geometry_valid,0.9199641367638244,0.8517903600100959,0.8698426394884957,0.976214948906634,17196,2800,5.360970168040584,117721,470.88412630093444,470.88412630093444,528.4681417461672,12.228914127470883,9.653916874999936,38,0.10000000149011612,0.10000000149011612,0.40000009536743164,0.20000003278255463,/Users/estebanfelixmoran/Desktop/Purdue/Medical_Imaging/Datasets/Image_Database/src_adult/POLYIC_20190629_polyic_mo__E3_P1_5.nii.gz,/Users/estebanfelixmoran/Desktop/Purdue/Medical_Imaging/Datasets/Mask_Database/label_adult/POLYIC_20190629_polyic_mo__E3_P1_5.nii.gz,/Users/estebanfelixmoran/Desktop/Purdue/Medical_Imaging/3D-Medical-Segment-Anything/outputs/mouse_external_evaluation/native_predictions/POLYIC_20190629_polyic_mo__E3_P1_5_prediction.nii.gz
POLYIC_20190629_polyic_mo__E4_P1_2,anonymous-POLYIC_20190629_polyic_mo__E4_P1_2,20190629,original_geometry_valid,0.8462286130899276,0.733445657172819,0.7491300661941105,0.9722463994242158,39652,3380,6.1196406429540176,121786,487.1441306622064,487.1441306622064,632.2321695778417,29.783390537500214,9.52280379199999,38,0.10000000149011612,0.10000000149011612,0.40000009536743164,0.20000003278255463,/Users/estebanfelixmoran/Desktop/Purdue/Medical_Imaging/Datasets/Image_Database/src_adult/POLYIC_20190629_polyic_mo__E4_P1_2.nii.gz,/Users/estebanfelixmoran/Desktop/Purdue/Medical_Imaging/Datasets/Mask_Database/label_adult/POLYIC_20190629_polyic_mo__E4_P1_2.nii.gz,/Users/estebanfelixmoran/Desktop/Purdue/Medical_Imaging/3D-Medical-Segment-Anything/outputs/mouse_external_evaluation/native_predictions/POLYIC_20190629_polyic_mo__E4_P1_2_prediction.nii.gz
POLYIC_20190629_polyic_mo__E4_P1_4,anonymous-POLYIC_20190629_polyic_mo__E4_P1_4,20190629,original_geometry_valid,0.8432240986993853,0.7289433482849826,0.7493665373512441,0.9639592228260554,37983,4246,5.467174599488785,117811,471.24356463085275,471.24356463085275,606.191439956171,28.63654497457792,9.875847624999892,38,0.10000000149011612,0.10000000149011612,0.39999961853027344,0.19999987383683523,/Users/estebanfelixmoran/Desktop/Purdue/Medical_Imaging/Datasets/Image_Database/src_adult/POLYIC_20190629_polyic_mo__E4_P1_4.nii.gz,/Users/estebanfelixmoran/Desktop/Purdue/Medical_Imaging/Datasets/Mask_Database/label_adult/POLYIC_20190629_polyic_mo__E4_P1_4.nii.gz,/Users/estebanfelixmoran/Desktop/Purdue/Medical_Imaging/3D-Medical-Segment-Anything/outputs/mouse_external_evaluation/native_predictions/POLYIC_20190629_polyic_mo__E4_P1_4_prediction.nii.gz
